[2024-01-29 00:22:03.178] [stat_log] [info] diffusion:
0.200000 0.214099
0.400000 0.211420
0.600000 0.216431
0.800000 0.198415
1.000000 0.197852
1.200000 0.218105
1.400000 0.204476
1.600000 0.217490
1.800000 0.209103
2.000000 0.201626
2.200000 0.191772
2.400000 0.196639
2.600000 0.196026
2.800000 0.199675
3.000000 0.214507
3.200000 0.201812
3.400000 0.188206
3.600000 0.203962
3.800000 0.194728
4.000000 0.195656
4.200000 0.190794
4.400000 0.189433
4.600000 0.195683
4.800000 0.188705
5.000000 0.179707
5.200000 0.182307
5.400000 0.190126
5.600000 0.187329
5.800000 0.185489
6.000000 0.170371
6.200000 0.196889
6.400000 0.179683
6.600000 0.173598
6.800000 0.170214
7.000000 0.187195
7.200000 0.169312
7.400000 0.186224
7.600000 0.178201
7.800000 0.168489
8.000000 0.172689
8.200000 0.174563
8.400000 0.170474
8.600000 0.167471
8.800000 0.171518
9.000000 0.172135
9.200000 0.165507
9.400000 0.168516
9.600000 0.175801
9.800000 0.164965
10.000000 0.166190
10.200000 0.160405
10.400000 0.154942
10.600000 0.169304
10.800000 0.157410
11.000000 0.161642
11.200000 0.159857
11.400000 0.152921
11.600000 0.153426
11.800000 0.151257
12.000000 0.149462
12.200000 0.155659
12.400000 0.158884
12.600000 0.151460
12.800000 0.141899
13.000000 0.140944
13.200000 0.146017
13.400000 0.145454
13.600000 0.148020
13.800000 0.143557
14.000000 0.149637
14.200000 0.147813
14.400000 0.137441
14.600000 0.140423
14.800000 0.138626
15.000000 0.140723
15.200000 0.137060
15.400000 0.137911
15.600000 0.133543
15.800000 0.135790
16.000000 0.134218
16.200000 0.130580
16.400000 0.129308
16.600000 0.132929
16.800000 0.123571
17.000000 0.123730
17.200000 0.129142
17.400000 0.127467
17.600000 0.123439
17.800000 0.128288
18.000000 0.118707
18.200000 0.120192
18.400000 0.122080
18.600000 0.122081
18.800000 0.118477
19.000000 0.106111
19.200000 0.118848
19.400000 0.108958
19.600000 0.119688
19.800000 0.116585
20.000000 0.113404
20.200000 0.109554
20.400000 0.108107
20.600000 0.108081
20.800000 0.099868
21.000000 0.103905
21.200000 0.110644
21.400000 0.105924
21.600000 0.105904
21.800000 0.100730
22.000000 0.107590
22.200000 0.100600
22.400000 0.101877
22.600000 0.096481
22.800000 0.094996
23.000000 0.098727
23.200000 0.096255
23.400000 0.094523
23.600000 0.087882
23.800000 0.092786
24.000000 0.090966
24.200000 0.092092
24.400000 0.089367
24.600000 0.084955
24.800000 0.083432
25.000000 0.085903
25.200000 0.083886
25.400000 0.084443
25.600000 0.085077
25.800000 0.082245
26.000000 0.079939
26.200000 0.078295
26.400000 0.075635
26.600000 0.080414
26.800000 0.076062
27.000000 0.072402
27.200000 0.072280
27.400000 0.073306
27.600000 0.067901
27.800000 0.073712
28.000000 0.067371
28.200000 0.070698
28.400000 0.071645
28.600000 0.069234
28.800000 0.064694
29.000000 0.063615
29.200000 0.063208
29.400000 0.065143
29.600000 0.061709
29.800000 0.062258
30.000000 0.060223
30.200000 0.057012
30.400000 0.058279
30.600000 0.055085
30.800000 0.053456
31.000000 0.056712
31.200000 0.052486
31.400000 0.052018
31.600000 0.053208
31.800000 0.050342
32.000000 0.050859
32.200000 0.048669
32.400000 0.047242
32.600000 0.048419
32.800000 0.046704
33.000000 0.046901
33.200000 0.045878
33.400000 0.044775
33.600000 0.044084
33.800000 0.043822
34.000000 0.040444
34.200000 0.045383
34.400000 0.042340
34.600000 0.042355
34.800000 0.042499
35.000000 0.040516
35.200000 0.042073
35.400000 0.041250
35.600000 0.039631
35.800000 0.037776
36.000000 0.039396
36.200000 0.039085
36.400000 0.037813
36.600000 0.037772
36.800000 0.038532
37.000000 0.035422
37.200000 0.034425
37.400000 0.035326
37.600000 0.033609
37.800000 0.033866
38.000000 0.034911
38.200000 0.032655
38.400000 0.031862
38.600000 0.030443
38.800000 0.032914
39.000000 0.029073
39.200000 0.031381
39.400000 0.029678
39.600000 0.030108
39.800000 0.028573
40.000000 0.028189
40.200000 0.026626
40.400000 0.027539
40.600000 0.026641
40.800000 0.025744
41.000000 0.025844
41.200000 0.025611
41.400000 0.024639
41.600000 0.025236
41.800000 0.023153
42.000000 0.022033
42.200000 0.021964
42.400000 0.022481
42.600000 0.020825
42.800000 0.019715
43.000000 0.020319
43.200000 0.020068
43.400000 0.018359
43.600000 0.019117
43.800000 0.018700
44.000000 0.017617
44.200000 0.016299
44.400000 0.017152
44.600000 0.015953
44.800000 0.015193
45.000000 0.015358
45.200000 0.013948
45.400000 0.014158
45.600000 0.013509
45.800000 0.012537
46.000000 0.012137
46.200000 0.011251
46.400000 0.010581
46.600000 0.010179
46.800000 0.009985
47.000000 0.009117
47.200000 0.008402
47.400000 0.007888
47.600000 0.007616
47.800000 0.006616
48.000000 0.006498
48.200000 0.005604
48.400000 0.005039
48.600000 0.004228
48.800000 0.003783
49.000000 0.003307
49.200000 0.002639
49.400000 0.001979
49.600000 0.001510
49.800000 0.001480
50.000000 0.001509
50.200000 0.001456
50.400000 0.001508
50.600000 0.001568
50.800000 0.001522
51.000000 0.001573
51.200000 0.001496
51.400000 0.001544
51.600000 0.001525
51.800000 0.001528
52.000000 0.001548
52.200000 0.001574
52.400000 0.001490
52.600000 0.001514
52.800000 0.001488
53.000000 0.001488
53.200000 0.001530
53.400000 0.001511
53.600000 0.001538
53.800000 0.001513
54.000000 0.001515
54.200000 0.001516
54.400000 0.001505
54.600000 0.001507
54.800000 0.001514
55.000000 0.001516
55.200000 0.001506
55.400000 0.001537
55.600000 0.001469
55.800000 0.001477
56.000000 0.001489
56.200000 0.001475
56.400000 0.001500
56.600000 0.001504
56.800000 0.001507
57.000000 0.001501
57.200000 0.001442
57.400000 0.001371
57.600000 0.001440
57.800000 0.001453
58.000000 0.001461
58.200000 0.001441
58.400000 0.001447
58.600000 0.001436
58.800000 0.001482
59.000000 0.001488
59.200000 0.001484
59.400000 0.001506
59.600000 0.001566
59.800000 0.001545
60.000000 0.001542
60.200000 0.001542
60.400000 0.001522
60.600000 0.001498
60.800000 0.001473
61.000000 0.001455
61.200000 0.001468
61.400000 0.001500
61.600000 0.001433
61.800000 0.001470
62.000000 0.001505
62.200000 0.001489
62.400000 0.001488
62.600000 0.001480
62.800000 0.001506
63.000000 0.001491
63.200000 0.001479
63.400000 0.001503
63.600000 0.001518
63.800000 0.001536
64.000000 0.001516
64.200000 0.001468
64.400000 0.001496
64.600000 0.001439
64.800000 0.001469
65.000000 0.001481
65.200000 0.001516
65.400000 0.001597
65.600000 0.001542
65.800000 0.001572
66.000000 0.001565
66.200000 0.001550
66.400000 0.001508
66.600000 0.001493
66.800000 0.001393
67.000000 0.001436
67.200000 0.001505
67.400000 0.001509
67.600000 0.001495
67.800000 0.001522
68.000000 0.001479
68.200000 0.001449
68.400000 0.001450
68.600000 0.001402
68.800000 0.001459
69.000000 0.001412
69.200000 0.001417
69.400000 0.001411
69.600000 0.001361
69.800000 0.001397
70.000000 0.001349
70.200000 0.001362
70.400000 0.001455
70.600000 0.001393
70.800000 0.001392
71.000000 0.001388
71.200000 0.001356
71.400000 0.001401
71.600000 0.001376
71.800000 0.001414
72.000000 0.001387
72.200000 0.001416
72.400000 0.001399
72.600000 0.001446
72.800000 0.001468
73.000000 0.001432
73.200000 0.001448
73.400000 0.001483
73.600000 0.001473
73.800000 0.001413
74.000000 0.001427
74.200000 0.001428
74.400000 0.001381
74.600000 0.001390
74.800000 0.001405
75.000000 0.001415
75.200000 0.001448
75.400000 0.001431
75.600000 0.001406
75.800000 0.001379
76.000000 0.001393
76.200000 0.001381
76.400000 0.001371
76.600000 0.001385
76.800000 0.001427
77.000000 0.001407
77.200000 0.001401
77.400000 0.001426
77.600000 0.001400
77.800000 0.001436
78.000000 0.001420
78.200000 0.001372
78.400000 0.001372
78.600000 0.001378
78.800000 0.001380
79.000000 0.001386
79.200000 0.001356
79.400000 0.001351
79.600000 0.001382
79.800000 0.001318
80.000000 0.001322
80.200000 0.001322
80.400000 0.001321
80.600000 0.001321
80.800000 0.001353
81.000000 0.001307
81.200000 0.001347
81.400000 0.001289
81.600000 0.001275
81.800000 0.001322
82.000000 0.001290
82.200000 0.001284
82.400000 0.001249
82.600000 0.001288
82.800000 0.001321
83.000000 0.001294
83.200000 0.001294
83.400000 0.001276
83.600000 0.001254
83.800000 0.001250
84.000000 0.001262
84.200000 0.001300
84.400000 0.001293
84.600000 0.001214
84.800000 0.001305
85.000000 0.001318
85.200000 0.001251
85.400000 0.001233
85.600000 0.001277
85.800000 0.001272
86.000000 0.001264
86.200000 0.001282
86.400000 0.001285
86.600000 0.001280
86.800000 0.001272
87.000000 0.001244
87.200000 0.001281
87.400000 0.001205
87.600000 0.001262
87.800000 0.001237
88.000000 0.001265
88.200000 0.001269
88.400000 0.001263
88.600000 0.001244
88.800000 0.001228
89.000000 0.001271
89.200000 0.001259
89.400000 0.001245
89.600000 0.001247
89.800000 0.001298
90.000000 0.001259
90.200000 0.001266
90.400000 0.001286
90.600000 0.001256
90.800000 0.001278
91.000000 0.001224
91.200000 0.001261
91.400000 0.001244
91.600000 0.001246
91.800000 0.001252
92.000000 0.001226
92.200000 0.001233
92.400000 0.001231
92.600000 0.001238
92.800000 0.001231
93.000000 0.001227
93.200000 0.001214
93.400000 0.001240
93.600000 0.001243
93.800000 0.001211
94.000000 0.001207
94.200000 0.001214
94.400000 0.001225
94.600000 0.001228
94.800000 0.001178
95.000000 0.001222
95.200000 0.001224
95.400000 0.001199
95.600000 0.001219
95.800000 0.001196
96.000000 0.001189
96.200000 0.001165
96.400000 0.001212
96.600000 0.001261
96.800000 0.001188
97.000000 0.001194
97.200000 0.001277
97.400000 0.001173
97.600000 0.001204
97.800000 0.001212
98.000000 0.001258
98.200000 0.001193
98.400000 0.001194
98.600000 0.001221
98.800000 0.001203
99.000000 0.001175
99.200000 0.001200
99.400000 0.001245
99.600000 0.001161
99.800000 0.001215
100.000000 0.001170

[2024-01-29 00:22:03.178] [stat_log] [info] temp:
0.200000 2.881501
0.400000 2.844860
0.600000 2.903351
0.800000 2.888909
1.000000 2.830803
1.200000 2.866251
1.400000 2.799704
1.600000 2.851778
1.800000 2.758106
2.000000 2.774672
2.200000 2.774179
2.400000 2.740190
2.600000 2.737300
2.800000 2.706223
3.000000 2.794811
3.200000 2.607037
3.400000 2.626032
3.600000 2.599304
3.800000 2.732959
4.000000 2.581285
4.200000 2.584037
4.400000 2.573633
4.600000 2.560564
4.800000 2.583645
5.000000 2.524184
5.200000 2.546019
5.400000 2.480753
5.600000 2.533173
5.800000 2.400085
6.000000 2.395198
6.200000 2.475837
6.400000 2.405344
6.600000 2.403253
6.800000 2.404112
7.000000 2.354969
7.200000 2.385179
7.400000 2.284292
7.600000 2.272815
7.800000 2.271164
8.000000 2.283979
8.200000 2.301998
8.400000 2.326680
8.600000 2.221925
8.800000 2.238998
9.000000 2.202614
9.200000 2.180112
9.400000 2.168055
9.600000 2.203456
9.800000 2.188264
10.000000 2.165701
10.200000 2.122346
10.400000 2.069783
10.600000 2.138801
10.800000 2.088785
11.000000 2.064983
11.200000 2.040852
11.400000 2.110642
11.600000 2.023124
11.800000 1.914004
12.000000 1.996401
12.200000 1.990868
12.400000 2.009974
12.600000 1.958496
12.800000 1.950360
13.000000 1.926032
13.200000 1.929278
13.400000 1.921652
13.600000 1.850427
13.800000 1.890909
14.000000 1.868159
14.200000 1.779315
14.400000 1.842501
14.600000 1.796415
14.800000 1.779742
15.000000 1.783013
15.200000 1.757328
15.400000 1.754638
15.600000 1.705136
15.800000 1.710884
16.000000 1.696660
16.200000 1.655317
16.400000 1.658311
16.600000 1.641051
16.800000 1.644536
17.000000 1.664629
17.200000 1.595555
17.400000 1.608686
17.600000 1.643439
17.800000 1.566603
18.000000 1.486817
18.200000 1.506897
18.400000 1.546454
18.600000 1.436411
18.800000 1.522148
19.000000 1.472231
19.200000 1.482503
19.400000 1.459145
19.600000 1.399190
19.800000 1.432248
20.000000 1.408341
20.200000 1.357559
20.400000 1.402686
20.600000 1.340680
20.800000 1.336210
21.000000 1.293836
21.200000 1.332670
21.400000 1.327268
21.600000 1.268525
21.800000 1.275415
22.000000 1.258449
22.200000 1.247887
22.400000 1.200930
22.600000 1.202682
22.800000 1.206773
23.000000 1.154710
23.200000 1.215666
23.400000 1.144256
23.600000 1.127121
23.800000 1.129223
24.000000 1.133392
24.200000 1.113902
24.400000 1.098280
24.600000 1.092874
24.800000 0.998198
25.000000 1.020694
25.200000 1.009065
25.400000 0.979223
25.600000 0.975935
25.800000 0.983702
26.000000 0.919763
26.200000 0.932308
26.400000 0.929784
26.600000 0.897838
26.800000 0.923146
27.000000 0.921432
27.200000 0.906819
27.400000 0.851829
27.600000 0.841955
27.800000 0.827677
28.000000 0.820159
28.200000 0.837168
28.400000 0.816971
28.600000 0.790612
28.800000 0.774117
29.000000 0.749939
29.200000 0.705873
29.400000 0.711567
29.600000 0.721097
29.800000 0.697811
30.000000 0.692666
30.200000 0.681669
30.400000 0.664539
30.600000 0.656512
30.800000 0.648926
31.000000 0.623007
31.200000 0.630423
31.400000 0.622199
31.600000 0.620870
31.800000 0.584890
32.000000 0.590683
32.200000 0.568640
32.400000 0.574087
32.600000 0.556670
32.800000 0.537380
33.000000 0.539679
33.200000 0.538471
33.400000 0.547436
33.600000 0.522858
33.800000 0.506081
34.000000 0.518165
34.200000 0.521824
34.400000 0.507759
34.600000 0.521679
34.800000 0.520321
35.000000 0.523315
35.200000 0.503614
35.400000 0.482505
35.600000 0.476360
35.800000 0.503309
36.000000 0.491465
36.200000 0.486392
36.400000 0.493519
36.600000 0.481863
36.800000 0.473976
37.000000 0.469151
37.200000 0.435762
37.400000 0.434103
37.600000 0.458004
37.800000 0.463395
38.000000 0.448654
38.200000 0.433036
38.400000 0.421152
38.600000 0.416731
38.800000 0.414729
39.000000 0.397278
39.200000 0.392172
39.400000 0.373812
39.600000 0.389513
39.800000 0.385089
40.000000 0.353664
40.200000 0.370056
40.400000 0.364175
40.600000 0.339240
40.800000 0.355319
41.000000 0.353924
41.200000 0.344024
41.400000 0.341908
41.600000 0.328100
41.800000 0.320965
42.000000 0.321562
42.200000 0.302220
42.400000 0.300213
42.600000 0.287548
42.800000 0.288711
43.000000 0.279625
43.200000 0.281146
43.400000 0.253225
43.600000 0.270004
43.800000 0.257247
44.000000 0.250256
44.200000 0.246197
44.400000 0.240563
44.600000 0.217968
44.800000 0.223082
45.000000 0.206427
45.200000 0.208963
45.400000 0.203270
45.600000 0.191105
45.800000 0.183868
46.000000 0.161165
46.200000 0.159973
46.400000 0.160145
46.600000 0.145173
46.800000 0.138072
47.000000 0.125651
47.200000 0.118726
47.400000 0.107896
47.600000 0.100697
47.800000 0.095162
48.000000 0.086887
48.200000 0.073461
48.400000 0.068826
48.600000 0.060121
48.800000 0.049910
49.000000 0.042927
49.200000 0.031367
49.400000 0.023299
49.600000 0.020000
49.800000 0.020000
50.000000 0.020000
50.200000 0.020000
50.400000 0.020000
50.600000 0.020000
50.800000 0.020000
51.000000 0.020000
51.200000 0.020000
51.400000 0.020000
51.600000 0.020000
51.800000 0.020000
52.000000 0.020000
52.200000 0.020000
52.400000 0.020000
52.600000 0.020000
52.800000 0.020000
53.000000 0.020000
53.200000 0.020000
53.400000 0.020000
53.600000 0.020000
53.800000 0.020000
54.000000 0.020000
54.200000 0.020000
54.400000 0.020000
54.600000 0.020000
54.800000 0.020000
55.000000 0.020000
55.200000 0.020000
55.400000 0.020000
55.600000 0.020000
55.800000 0.020000
56.000000 0.020000
56.200000 0.020000
56.400000 0.020000
56.600000 0.020000
56.800000 0.020000
57.000000 0.020000
57.200000 0.020000
57.400000 0.020000
57.600000 0.020000
57.800000 0.020000
58.000000 0.020000
58.200000 0.020000
58.400000 0.020000
58.600000 0.020000
58.800000 0.020000
59.000000 0.020000
59.200000 0.020000
59.400000 0.020000
59.600000 0.020000
59.800000 0.020000
60.000000 0.020000
60.200000 0.020000
60.400000 0.020000
60.600000 0.020000
60.800000 0.020000
61.000000 0.020000
61.200000 0.020000
61.400000 0.020000
61.600000 0.020000
61.800000 0.020000
62.000000 0.020000
62.200000 0.020000
62.400000 0.020000
62.600000 0.020000
62.800000 0.020000
63.000000 0.020000
63.200000 0.020000
63.400000 0.020000
63.600000 0.020000
63.800000 0.020000
64.000000 0.020000
64.200000 0.020000
64.400000 0.020000
64.600000 0.020000
64.800000 0.020000
65.000000 0.020000
65.200000 0.020000
65.400000 0.020000
65.600000 0.020000
65.800000 0.020000
66.000000 0.020000
66.200000 0.020000
66.400000 0.020000
66.600000 0.020000
66.800000 0.020000
67.000000 0.020000
67.200000 0.020000
67.400000 0.020000
67.600000 0.020000
67.800000 0.020000
68.000000 0.020000
68.200000 0.020000
68.400000 0.020000
68.600000 0.020000
68.800000 0.020000
69.000000 0.020000
69.200000 0.020000
69.400000 0.020000
69.600000 0.020000
69.800000 0.020000
70.000000 0.020000
70.200000 0.020000
70.400000 0.020000
70.600000 0.020000
70.800000 0.020000
71.000000 0.020000
71.200000 0.020000
71.400000 0.020000
71.600000 0.020000
71.800000 0.020000
72.000000 0.020000
72.200000 0.020000
72.400000 0.020000
72.600000 0.020000
72.800000 0.020000
73.000000 0.020000
73.200000 0.020000
73.400000 0.020000
73.600000 0.020000
73.800000 0.020000
74.000000 0.020000
74.200000 0.020000
74.400000 0.020000
74.600000 0.020000
74.800000 0.020000
75.000000 0.020000
75.200000 0.020000
75.400000 0.020000
75.600000 0.020000
75.800000 0.020000
76.000000 0.020000
76.200000 0.020000
76.400000 0.020000
76.600000 0.020000
76.800000 0.020000
77.000000 0.020000
77.200000 0.020000
77.400000 0.020000
77.600000 0.020000
77.800000 0.020000
78.000000 0.020000
78.200000 0.020000
78.400000 0.020000
78.600000 0.020000
78.800000 0.020000
79.000000 0.020000
79.200000 0.020000
79.400000 0.020000
79.600000 0.020000
79.800000 0.020000
80.000000 0.020000
80.200000 0.020000
80.400000 0.020000
80.600000 0.020000
80.800000 0.020000
81.000000 0.020000
81.200000 0.020000
81.400000 0.020000
81.600000 0.020000
81.800000 0.020000
82.000000 0.020000
82.200000 0.020000
82.400000 0.020000
82.600000 0.020000
82.800000 0.020000
83.000000 0.020000
83.200000 0.020000
83.400000 0.020000
83.600000 0.020000
83.800000 0.020000
84.000000 0.020000
84.200000 0.020000
84.400000 0.020000
84.600000 0.020000
84.800000 0.020000
85.000000 0.020000
85.200000 0.020000
85.400000 0.020000
85.600000 0.020000
85.800000 0.020000
86.000000 0.020000
86.200000 0.020000
86.400000 0.020000
86.600000 0.020000
86.800000 0.020000
87.000000 0.020000
87.200000 0.020000
87.400000 0.020000
87.600000 0.020000
87.800000 0.020000
88.000000 0.020000
88.200000 0.020000
88.400000 0.020000
88.600000 0.020000
88.800000 0.020000
89.000000 0.020000
89.200000 0.020000
89.400000 0.020000
89.600000 0.020000
89.800000 0.020000
90.000000 0.020000
90.200000 0.020000
90.400000 0.020000
90.600000 0.020000
90.800000 0.020000
91.000000 0.020000
91.200000 0.020000
91.400000 0.020000
91.600000 0.020000
91.800000 0.020000
92.000000 0.020000
92.200000 0.020000
92.400000 0.020000
92.600000 0.020000
92.800000 0.020000
93.000000 0.020000
93.200000 0.020000
93.400000 0.020000
93.600000 0.020000
93.800000 0.020000
94.000000 0.020000
94.200000 0.020000
94.400000 0.020000
94.600000 0.020000
94.800000 0.020000
95.000000 0.020000
95.200000 0.020000
95.400000 0.020000
95.600000 0.020000
95.800000 0.020000
96.000000 0.020000
96.200000 0.020000
96.400000 0.020000
96.600000 0.020000
96.800000 0.020000
97.000000 0.020000
97.200000 0.020000
97.400000 0.020000
97.600000 0.020000
97.800000 0.020000
98.000000 0.020000
98.200000 0.020000
98.400000 0.020000
98.600000 0.020000
98.800000 0.020000
99.000000 0.020000
99.200000 0.020000
99.400000 0.020000
99.600000 0.020000
99.800000 0.020000
100.000000 0.020000

[2024-01-29 00:22:03.178] [stat_log] [info] potential_energy:
0.200000 -1413.683763
0.400000 -1384.736596
0.600000 -1454.901035
0.800000 -1435.278834
1.000000 -1391.035294
1.200000 -1451.204548
1.400000 -1412.712443
1.600000 -1476.480917
1.800000 -1408.444736
2.000000 -1436.167565
2.200000 -1435.042505
2.400000 -1470.103194
2.600000 -1472.723253
2.800000 -1453.109364
3.000000 -1524.517063
3.200000 -1423.697493
3.400000 -1439.460325
3.600000 -1432.801542
3.800000 -1543.447948
4.000000 -1444.823022
4.200000 -1446.012535
4.400000 -1474.876880
4.600000 -1465.123442
4.800000 -1503.932633
5.000000 -1422.809391
5.200000 -1463.710489
5.400000 -1419.083116
5.600000 -1492.208176
5.800000 -1414.545381
6.000000 -1435.674684
6.200000 -1499.036733
6.400000 -1457.725207
6.600000 -1442.578400
6.800000 -1473.951193
7.000000 -1468.122229
7.200000 -1515.866883
7.400000 -1434.708705
7.600000 -1464.162650
7.800000 -1490.701842
8.000000 -1492.325474
8.200000 -1513.179118
8.400000 -1567.183936
8.600000 -1485.393757
8.800000 -1539.062578
9.000000 -1533.484968
9.200000 -1519.952236
9.400000 -1529.735939
9.600000 -1562.600997
9.800000 -1545.873385
10.000000 -1553.274387
10.200000 -1540.539331
10.400000 -1483.791220
10.600000 -1577.383003
10.800000 -1569.697654
11.000000 -1571.203230
11.200000 -1563.849831
11.400000 -1619.427347
11.600000 -1554.927175
11.800000 -1503.011169
12.000000 -1577.027389
12.200000 -1573.898640
12.400000 -1592.991515
12.600000 -1565.613440
12.800000 -1571.961154
13.000000 -1564.916515
13.200000 -1580.041338
13.400000 -1602.023467
13.600000 -1575.622112
13.800000 -1620.894984
14.000000 -1623.841898
14.200000 -1574.189452
14.400000 -1620.413705
14.600000 -1613.502118
14.800000 -1607.233147
15.000000 -1618.123748
15.200000 -1618.653372
15.400000 -1643.958983
15.600000 -1648.632440
15.800000 -1659.941865
16.000000 -1659.437000
16.200000 -1631.206489
16.400000 -1632.068275
16.600000 -1623.974620
16.800000 -1657.938727
17.000000 -1670.676086
17.200000 -1635.928318
17.400000 -1673.123498
17.600000 -1692.555125
17.800000 -1643.736894
18.000000 -1617.294463
18.200000 -1652.937206
18.400000 -1694.581092
18.600000 -1636.755846
18.800000 -1694.754363
19.000000 -1682.001797
19.200000 -1718.026900
19.400000 -1706.774455
19.600000 -1692.725315
19.800000 -1712.216787
20.000000 -1739.571589
20.200000 -1716.308842
20.400000 -1748.186452
20.600000 -1709.539153
20.800000 -1723.003910
21.000000 -1683.956645
21.200000 -1732.845702
21.400000 -1736.477594
21.600000 -1719.535803
21.800000 -1718.073368
22.000000 -1729.137312
22.200000 -1757.689642
22.400000 -1738.925034
22.600000 -1763.225268
22.800000 -1774.158796
23.000000 -1773.987971
23.200000 -1831.564361
23.400000 -1778.681937
23.600000 -1771.774738
23.800000 -1787.146266
24.000000 -1808.141271
24.200000 -1812.131478
24.400000 -1813.429586
24.600000 -1823.304848
24.800000 -1787.844682
25.000000 -1823.632523
25.200000 -1838.053431
25.400000 -1817.516646
25.600000 -1811.572254
25.800000 -1829.149416
26.000000 -1803.025663
26.200000 -1819.387780
26.400000 -1825.222768
26.600000 -1836.091018
26.800000 -1850.821169
27.000000 -1882.356023
27.200000 -1881.909872
27.400000 -1858.305972
27.600000 -1866.224837
27.800000 -1877.902048
28.000000 -1898.246216
28.200000 -1928.606388
28.400000 -1914.214132
28.600000 -1909.664598
28.800000 -1906.221389
29.000000 -1910.577408
29.200000 -1894.345944
29.400000 -1897.100290
29.600000 -1915.641251
29.800000 -1913.377387
30.000000 -1919.714162
30.200000 -1917.678518
30.400000 -1943.728265
30.600000 -1949.793475
30.800000 -1959.343649
31.000000 -1954.101667
31.200000 -1966.174428
31.400000 -1972.759238
31.600000 -1982.511538
31.800000 -1983.369260
32.000000 -2007.399594
32.200000 -1999.784275
32.400000 -2021.569954
32.600000 -2015.829406
32.800000 -2017.059018
33.000000 -2039.563019
33.200000 -2047.052800
33.400000 -2064.923611
33.600000 -2044.078459
33.800000 -2058.492172
34.000000 -2073.637473
34.200000 -2101.035781
34.400000 -2100.231458
34.600000 -2136.664253
34.800000 -2142.838187
35.000000 -2153.022598
35.200000 -2170.390119
35.400000 -2175.494229
35.600000 -2183.977832
35.800000 -2218.159182
36.000000 -2241.147600
36.200000 -2246.182600
36.400000 -2264.107330
36.600000 -2272.409190
36.800000 -2281.521642
37.000000 -2287.024881
37.200000 -2297.560589
37.400000 -2322.612881
37.600000 -2351.695059
37.800000 -2359.389798
38.000000 -2385.052980
38.200000 -2377.642409
38.400000 -2378.957688
38.600000 -2392.395957
38.800000 -2408.255639
39.000000 -2400.766137
39.200000 -2409.318981
39.400000 -2419.542265
39.600000 -2441.207377
39.800000 -2449.851654
40.000000 -2441.664248
40.200000 -2463.931065
40.400000 -2461.137775
40.600000 -2469.957960
40.800000 -2494.046799
41.000000 -2525.011683
41.200000 -2518.859212
41.400000 -2541.376316
41.600000 -2560.386762
41.800000 -2567.604426
42.000000 -2575.672390
42.200000 -2567.977376
42.400000 -2597.589224
42.600000 -2597.846301
42.800000 -2606.291206
43.000000 -2615.228139
43.200000 -2631.819584
43.400000 -2633.822464
43.600000 -2671.768960
43.800000 -2676.641225
44.000000 -2682.268430
44.200000 -2696.243753
44.400000 -2717.708222
44.600000 -2712.377954
44.800000 -2729.219589
45.000000 -2741.235005
45.200000 -2753.118321
45.400000 -2758.946362
45.600000 -2766.922821
45.800000 -2775.787166
46.000000 -2779.447667
46.200000 -2790.141489
46.400000 -2807.128121
46.600000 -2814.049416
46.800000 -2813.981288
47.000000 -2819.245427
47.200000 -2837.124198
47.400000 -2845.583117
47.600000 -2847.599468
47.800000 -2851.485680
48.000000 -2853.647208
48.200000 -2862.362076
48.400000 -2871.562355
48.600000 -2872.766555
48.800000 -2889.526903
49.000000 -2902.715076
49.200000 -2905.536770
49.400000 -2912.165804
49.600000 -2915.597470
49.800000 -2915.740674
50.000000 -2918.909693
50.200000 -2918.138238
50.400000 -2922.664739
50.600000 -2925.123764
50.800000 -2923.381757
51.000000 -2924.914225
51.200000 -2928.344431
51.400000 -2928.858557
51.600000 -2925.017644
51.800000 -2928.562907
52.000000 -2924.688742
52.200000 -2929.734935
52.400000 -2933.725859
52.600000 -2935.549520
52.800000 -2934.133506
53.000000 -2931.597779
53.200000 -2933.340310
53.400000 -2935.219198
53.600000 -2934.026682
53.800000 -2932.223494
54.000000 -2930.259137
54.200000 -2932.345173
54.400000 -2931.728626
54.600000 -2930.488979
54.800000 -2928.266552
55.000000 -2932.230987
55.200000 -2928.144278
55.400000 -2931.605328
55.600000 -2927.375512
55.800000 -2924.611387
56.000000 -2920.404124
56.200000 -2925.239711
56.400000 -2932.081990
56.600000 -2935.622938
56.800000 -2931.318464
57.000000 -2928.161426
57.200000 -2930.741520
57.400000 -2930.491362
57.600000 -2930.182195
57.800000 -2935.144077
58.000000 -2938.443821
58.200000 -2936.554738
58.400000 -2936.671643
58.600000 -2932.816756
58.800000 -2934.179243
59.000000 -2934.520776
59.200000 -2932.598788
59.400000 -2938.257420
59.600000 -2942.864182
59.800000 -2939.277472
60.000000 -2939.518699
60.200000 -2940.037586
60.400000 -2939.410091
60.600000 -2936.407737
60.800000 -2940.346276
61.000000 -2939.362008
61.200000 -2941.726442
61.400000 -2943.075552
61.600000 -2943.957490
61.800000 -2941.869269
62.000000 -2943.418604
62.200000 -2944.633781
62.400000 -2951.678916
62.600000 -2947.419162
62.800000 -2943.185910
63.000000 -2945.226962
63.200000 -2946.268375
63.400000 -2945.500140
63.600000 -2946.266709
63.800000 -2947.146367
64.000000 -2946.107726
64.200000 -2948.407327
64.400000 -2950.080652
64.600000 -2951.874815
64.800000 -2951.101073
65.000000 -2953.721193
65.200000 -2954.996959
65.400000 -2958.024297
65.600000 -2960.257453
65.800000 -2957.677306
66.000000 -2958.958350
66.200000 -2963.607333
66.400000 -2960.867461
66.600000 -2960.882854
66.800000 -2967.514501
67.000000 -2968.980405
67.200000 -2966.720030
67.400000 -2963.654958
67.600000 -2968.092400
67.800000 -2972.000250
68.000000 -2971.629289
68.200000 -2965.288136
68.400000 -2965.756019
68.600000 -2967.649349
68.800000 -2970.723243
69.000000 -2971.615137
69.200000 -2972.673045
69.400000 -2976.176981
69.600000 -2967.974399
69.800000 -2968.269141
70.000000 -2964.444224
70.200000 -2964.689004
70.400000 -2963.500134
70.600000 -2967.500870
70.800000 -2964.383062
71.000000 -2964.839171
71.200000 -2963.080043
71.400000 -2968.765634
71.600000 -2969.798870
71.800000 -2964.152363
72.000000 -2963.829618
72.200000 -2963.031798
72.400000 -2961.507389
72.600000 -2962.255800
72.800000 -2963.405142
73.000000 -2966.322307
73.200000 -2965.259278
73.400000 -2964.592816
73.600000 -2963.197107
73.800000 -2961.535194
74.000000 -2965.983652
74.200000 -2966.621432
74.400000 -2966.254945
74.600000 -2968.275439
74.800000 -2967.120992
75.000000 -2967.864480
75.200000 -2969.738426
75.400000 -2968.496459
75.600000 -2967.922853
75.800000 -2966.787168
76.000000 -2970.199362
76.200000 -2965.900686
76.400000 -2969.817475
76.600000 -2970.463833
76.800000 -2968.591114
77.000000 -2966.175801
77.200000 -2967.616011
77.400000 -2966.241603
77.600000 -2968.242539
77.800000 -2966.431058
78.000000 -2969.504055
78.200000 -2971.020950
78.400000 -2964.668693
78.600000 -2967.459996
78.800000 -2969.017028
79.000000 -2969.257585
79.200000 -2969.535962
79.400000 -2966.310772
79.600000 -2967.925121
79.800000 -2966.814165
80.000000 -2964.511472
80.200000 -2962.176778
80.400000 -2965.189110
80.600000 -2964.151947
80.800000 -2960.760987
81.000000 -2963.791930
81.200000 -2965.162589
81.400000 -2963.115441
81.600000 -2962.120462
81.800000 -2964.700859
82.000000 -2964.759785
82.200000 -2965.897755
82.400000 -2965.191660
82.600000 -2966.059968
82.800000 -2965.803132
83.000000 -2965.155962
83.200000 -2965.668024
83.400000 -2965.475056
83.600000 -2967.185126
83.800000 -2965.474730
84.000000 -2965.661971
84.200000 -2965.269657
84.400000 -2966.401696
84.600000 -2966.329866
84.800000 -2963.743464
85.000000 -2962.737594
85.200000 -2965.508113
85.400000 -2966.194621
85.600000 -2967.629332
85.800000 -2968.988116
86.000000 -2968.727454
86.200000 -2966.815913
86.400000 -2966.620136
86.600000 -2964.623046
86.800000 -2963.496393
87.000000 -2964.626301
87.200000 -2963.196636
87.400000 -2965.869089
87.600000 -2965.267314
87.800000 -2965.541441
88.000000 -2966.163144
88.200000 -2964.899483
88.400000 -2963.915541
88.600000 -2967.411799
88.800000 -2968.110570
89.000000 -2967.154592
89.200000 -2964.444833
89.400000 -2965.652043
89.600000 -2966.290974
89.800000 -2966.377681
90.000000 -2967.857351
90.200000 -2968.568666
90.400000 -2971.633521
90.600000 -2968.167490
90.800000 -2968.083543
91.000000 -2968.198058
91.200000 -2964.168828
91.400000 -2966.964302
91.600000 -2963.410905
91.800000 -2968.698323
92.000000 -2968.025430
92.200000 -2964.798168
92.400000 -2963.759688
92.600000 -2965.672015
92.800000 -2967.009604
93.000000 -2971.040165
93.200000 -2970.916461
93.400000 -2967.152878
93.600000 -2964.342263
93.800000 -2964.776431
94.000000 -2968.747210
94.200000 -2966.844208
94.400000 -2964.871445
94.600000 -2964.544815
94.800000 -2962.367741
95.000000 -2963.143249
95.200000 -2966.251927
95.400000 -2961.500669
95.600000 -2962.731005
95.800000 -2967.257533
96.000000 -2967.920400
96.200000 -2968.012779
96.400000 -2965.335743
96.600000 -2964.827297
96.800000 -2963.768274
97.000000 -2965.077183
97.200000 -2963.623769
97.400000 -2965.322724
97.600000 -2966.237739
97.800000 -2962.798203
98.000000 -2964.983103
98.200000 -2968.010922
98.400000 -2969.909562
98.600000 -2964.293596
98.800000 -2968.190092
99.000000 -2967.035857
99.200000 -2965.300973
99.400000 -2966.777146
99.600000 -2965.607363
99.800000 -2964.737393
100.000000 -2964.896044

[2024-01-29 00:22:03.178] [stat_log] [info] pressure:
0.200000 4425.984806
0.400000 4369.704313
0.600000 4459.547476
0.800000 4437.364726
1.000000 4348.113227
1.200000 4402.560769
1.400000 4300.345101
1.600000 4380.331482
1.800000 4236.450276
2.000000 4261.896868
2.200000 4261.139524
2.400000 4208.932493
2.600000 4204.493336
2.800000 4156.758644
3.000000 4292.829872
3.200000 4004.408756
3.400000 4033.585158
3.600000 3992.530198
3.800000 4197.825286
4.000000 3964.853118
4.200000 3969.080713
4.400000 3953.099584
4.600000 3933.026231
4.800000 3968.478047
5.000000 3877.146658
5.200000 3910.684549
5.400000 3810.436767
5.600000 3890.953520
5.800000 3686.529898
6.000000 3679.024700
6.200000 3802.885643
6.400000 3694.607910
6.600000 3691.396398
6.800000 3692.715804
7.000000 3617.231903
7.200000 3663.635104
7.400000 3508.672574
7.600000 3491.044157
7.800000 3488.508320
8.000000 3508.192394
8.200000 3535.869264
8.400000 3573.779723
8.600000 3412.876750
8.800000 3439.101139
9.000000 3383.215242
9.200000 3348.652551
9.400000 3330.132481
9.600000 3384.508263
9.800000 3361.173754
10.000000 3326.517078
10.200000 3259.923453
10.400000 3179.186499
10.600000 3285.199088
10.800000 3208.373732
11.000000 3171.813946
11.200000 3134.748877
11.400000 3241.946395
11.600000 3107.518283
11.800000 2939.910213
12.000000 3066.472141
12.200000 3057.973341
12.400000 3087.319303
12.600000 3008.249192
12.800000 2995.753639
13.000000 2958.384646
13.200000 2963.370576
13.400000 2951.658030
13.600000 2842.256235
13.800000 2904.435895
14.000000 2869.492735
14.200000 2733.027747
14.400000 2830.081049
14.600000 2759.293466
14.800000 2733.683371
15.000000 2738.707622
15.200000 2699.255815
15.400000 2695.123268
15.600000 2619.088281
15.800000 2627.918321
16.000000 2606.069248
16.200000 2542.566239
16.400000 2547.165399
16.600000 2520.654000
16.800000 2526.008048
17.000000 2556.870024
17.200000 2450.772864
17.400000 2470.942167
17.600000 2524.321690
17.800000 2406.302923
18.000000 2283.751592
18.200000 2314.593882
18.400000 2375.353675
18.600000 2206.327542
18.800000 2338.018912
19.000000 2261.346100
19.200000 2277.124816
19.400000 2241.247067
19.600000 2149.156353
19.800000 2199.932740
20.000000 2163.211513
20.200000 2085.210976
20.400000 2154.526285
20.600000 2059.283802
20.800000 2052.418443
21.000000 1987.332101
21.200000 2046.980785
21.400000 2038.683955
21.600000 1948.453866
21.800000 1959.037048
22.000000 1932.977645
22.200000 1916.753815
22.400000 1844.628886
22.600000 1847.319018
22.800000 1853.604041
23.000000 1773.633932
23.200000 1867.262429
23.400000 1757.576498
23.600000 1731.257983
23.800000 1734.487034
24.000000 1740.889952
24.200000 1710.953879
24.400000 1686.958707
24.600000 1678.654230
24.800000 1533.232173
25.000000 1567.786488
25.200000 1549.923328
25.400000 1504.085783
25.600000 1499.036691
25.800000 1510.965745
26.000000 1412.755422
26.200000 1432.025469
26.400000 1428.147989
26.600000 1379.079609
26.800000 1417.952921
27.000000 1415.319039
27.200000 1392.873424
27.400000 1308.409349
27.600000 1293.243444
27.800000 1271.311602
28.000000 1259.764780
28.200000 1285.889843
28.400000 1254.866865
28.600000 1214.380654
28.800000 1189.043380
29.000000 1151.906009
29.200000 1084.221600
29.400000 1092.966302
29.600000 1107.604671
29.800000 1071.837209
30.000000 1063.935130
30.200000 1047.044270
30.400000 1020.731803
30.600000 1008.403026
30.800000 996.750705
31.000000 956.939099
31.200000 968.330408
31.400000 955.697264
31.600000 953.655967
31.800000 898.391611
32.000000 907.289836
32.200000 873.430869
32.400000 881.798268
32.600000 855.044364
32.800000 825.416249
33.000000 828.946521
33.200000 827.091612
33.400000 840.861137
33.600000 803.110303
33.800000 777.340088
34.000000 795.901133
34.200000 801.522415
34.400000 779.917343
34.600000 801.298889
34.800000 799.212848
35.000000 803.811585
35.200000 773.550756
35.400000 741.127907
35.600000 731.688965
35.800000 773.082798
36.000000 754.890282
36.200000 747.098576
36.400000 758.045831
36.600000 740.141156
36.800000 728.027489
37.000000 720.615203
37.200000 669.330368
37.400000 666.782697
37.600000 703.494082
37.800000 711.774528
38.000000 689.133296
38.200000 665.143783
38.400000 646.889858
38.600000 640.098749
38.800000 637.023687
39.000000 610.219502
39.200000 602.376625
39.400000 574.174860
39.600000 598.291627
39.800000 591.496738
40.000000 543.228303
40.200000 568.406106
40.400000 559.373327
40.600000 521.072760
40.800000 545.769274
41.000000 543.627849
41.200000 528.421305
41.400000 525.171117
41.600000 503.961997
41.800000 493.002607
42.000000 493.918846
42.200000 464.209959
42.400000 461.127845
42.600000 441.673626
42.800000 443.460377
43.000000 429.504287
43.200000 431.840798
43.400000 388.953272
43.600000 414.726101
43.800000 395.132094
44.000000 384.393375
44.200000 378.158557
44.400000 369.505188
44.600000 334.798215
44.800000 342.653427
45.000000 317.071964
45.200000 320.966432
45.400000 312.223166
45.600000 293.537907
45.800000 282.420528
46.000000 247.549602
46.200000 245.718263
46.400000 245.982179
46.600000 222.985780
46.800000 212.079220
47.000000 192.999430
47.200000 182.362977
47.400000 165.728129
47.600000 154.671072
47.800000 146.169377
48.000000 133.457731
48.200000 112.835922
48.400000 105.716981
48.600000 92.345997
48.800000 76.662051
49.000000 65.935984
49.200000 48.179481
49.400000 35.787331
49.600000 30.720000
49.800000 30.720000
50.000000 30.720000
50.200000 30.720000
50.400000 30.720000
50.600000 30.720000
50.800000 30.720000
51.000000 30.720000
51.200000 30.720000
51.400000 30.720000
51.600000 30.720000
51.800000 30.720000
52.000000 30.720000
52.200000 30.720000
52.400000 30.720000
52.600000 30.720000
52.800000 30.720000
53.000000 30.720000
53.200000 30.720000
53.400000 30.720000
53.600000 30.720000
53.800000 30.720000
54.000000 30.720000
54.200000 30.720000
54.400000 30.720000
54.600000 30.720000
54.800000 30.720000
55.000000 30.720000
55.200000 30.720000
55.400000 30.720000
55.600000 30.720000
55.800000 30.720000
56.000000 30.720000
56.200000 30.720000
56.400000 30.720000
56.600000 30.720000
56.800000 30.720000
57.000000 30.720000
57.200000 30.720000
57.400000 30.720000
57.600000 30.720000
57.800000 30.720000
58.000000 30.720000
58.200000 30.720000
58.400000 30.720000
58.600000 30.720000
58.800000 30.720000
59.000000 30.720000
59.200000 30.720000
59.400000 30.720000
59.600000 30.720000
59.800000 30.720000
60.000000 30.720000
60.200000 30.720000
60.400000 30.720000
60.600000 30.720000
60.800000 30.720000
61.000000 30.720000
61.200000 30.720000
61.400000 30.720000
61.600000 30.720000
61.800000 30.720000
62.000000 30.720000
62.200000 30.720000
62.400000 30.720000
62.600000 30.720000
62.800000 30.720000
63.000000 30.720000
63.200000 30.720000
63.400000 30.720000
63.600000 30.720000
63.800000 30.720000
64.000000 30.720000
64.200000 30.720000
64.400000 30.720000
64.600000 30.720000
64.800000 30.720000
65.000000 30.720000
65.200000 30.720000
65.400000 30.720000
65.600000 30.720000
65.800000 30.720000
66.000000 30.720000
66.200000 30.720000
66.400000 30.720000
66.600000 30.720000
66.800000 30.720000
67.000000 30.720000
67.200000 30.720000
67.400000 30.720000
67.600000 30.720000
67.800000 30.720000
68.000000 30.720000
68.200000 30.720000
68.400000 30.720000
68.600000 30.720000
68.800000 30.720000
69.000000 30.720000
69.200000 30.720000
69.400000 30.720000
69.600000 30.720000
69.800000 30.720000
70.000000 30.720000
70.200000 30.720000
70.400000 30.720000
70.600000 30.720000
70.800000 30.720000
71.000000 30.720000
71.200000 30.720000
71.400000 30.720000
71.600000 30.720000
71.800000 30.720000
72.000000 30.720000
72.200000 30.720000
72.400000 30.720000
72.600000 30.720000
72.800000 30.720000
73.000000 30.720000
73.200000 30.720000
73.400000 30.720000
73.600000 30.720000
73.800000 30.720000
74.000000 30.720000
74.200000 30.720000
74.400000 30.720000
74.600000 30.720000
74.800000 30.720000
75.000000 30.720000
75.200000 30.720000
75.400000 30.720000
75.600000 30.720000
75.800000 30.720000
76.000000 30.720000
76.200000 30.720000
76.400000 30.720000
76.600000 30.720000
76.800000 30.720000
77.000000 30.720000
77.200000 30.720000
77.400000 30.720000
77.600000 30.720000
77.800000 30.720000
78.000000 30.720000
78.200000 30.720000
78.400000 30.720000
78.600000 30.720000
78.800000 30.720000
79.000000 30.720000
79.200000 30.720000
79.400000 30.720000
79.600000 30.720000
79.800000 30.720000
80.000000 30.720000
80.200000 30.720000
80.400000 30.720000
80.600000 30.720000
80.800000 30.720000
81.000000 30.720000
81.200000 30.720000
81.400000 30.720000
81.600000 30.720000
81.800000 30.720000
82.000000 30.720000
82.200000 30.720000
82.400000 30.720000
82.600000 30.720000
82.800000 30.720000
83.000000 30.720000
83.200000 30.720000
83.400000 30.720000
83.600000 30.720000
83.800000 30.720000
84.000000 30.720000
84.200000 30.720000
84.400000 30.720000
84.600000 30.720000
84.800000 30.720000
85.000000 30.720000
85.200000 30.720000
85.400000 30.720000
85.600000 30.720000
85.800000 30.720000
86.000000 30.720000
86.200000 30.720000
86.400000 30.720000
86.600000 30.720000
86.800000 30.720000
87.000000 30.720000
87.200000 30.720000
87.400000 30.720000
87.600000 30.720000
87.800000 30.720000
88.000000 30.720000
88.200000 30.720000
88.400000 30.720000
88.600000 30.720000
88.800000 30.720000
89.000000 30.720000
89.200000 30.720000
89.400000 30.720000
89.600000 30.720000
89.800000 30.720000
90.000000 30.720000
90.200000 30.720000
90.400000 30.720000
90.600000 30.720000
90.800000 30.720000
91.000000 30.720000
91.200000 30.720000
91.400000 30.720000
91.600000 30.720000
91.800000 30.720000
92.000000 30.720000
92.200000 30.720000
92.400000 30.720000
92.600000 30.720000
92.800000 30.720000
93.000000 30.720000
93.200000 30.720000
93.400000 30.720000
93.600000 30.720000
93.800000 30.720000
94.000000 30.720000
94.200000 30.720000
94.400000 30.720000
94.600000 30.720000
94.800000 30.720000
95.000000 30.720000
95.200000 30.720000
95.400000 30.720000
95.600000 30.720000
95.800000 30.720000
96.000000 30.720000
96.200000 30.720000
96.400000 30.720000
96.600000 30.720000
96.800000 30.720000
97.000000 30.720000
97.200000 30.720000
97.400000 30.720000
97.600000 30.720000
97.800000 30.720000
98.000000 30.720000
98.200000 30.720000
98.400000 30.720000
98.600000 30.720000
98.800000 30.720000
99.000000 30.720000
99.200000 30.720000
99.400000 30.720000
99.600000 30.720000
99.800000 30.720000
100.000000 30.720000

[2024-01-29 00:22:03.178] [stat_log] [info] rdf:
for time: 9.999000 iter:10000
0.025000 0.0000000.075000 0.0000000.125000 0.0000000.175000 0.0000000.225000 0.0000000.275000 0.0000000.325000 0.0000000.375000 0.0000000.425000 0.0000000.475000 0.0000000.525000 0.0000000.575000 0.0000000.625000 0.0000000.675000 0.0000000.725000 0.0000000.775000 0.0000000.825000 0.0000000.875000 2.0781930.925000 46.4912200.975000 153.9939151.025000 275.6497981.075000 282.2791351.125000 228.8310701.175000 201.7051181.225000 155.8852411.275000 176.2043451.325000 177.6613321.375000 123.7326221.425000 134.7951591.475000 129.4695901.525000 122.4882901.575000 118.6845731.625000 100.6457891.675000 96.4288931.725000 89.8505641.775000 99.0035511.825000 117.5445061.875000 119.0549891.925000 124.1172351.975000 106.8966332.025000 122.6408342.075000 117.5411772.125000 128.6397212.175000 118.4200252.225000 127.6239942.275000 114.3886112.325000 120.7094682.375000 112.5770232.425000 111.5009272.475000 111.9778762.525000 105.3405612.575000 107.0500512.625000 98.8535242.675000 100.9754432.725000 98.5899772.775000 102.9228372.825000 96.1211432.875000 92.6144102.925000 92.2655322.975000 99.2601773.025000 94.6146503.075000 93.9192303.125000 98.9235093.175000 98.3584653.225000 97.1685503.275000 88.2888893.325000 83.3503093.375000 99.3423063.425000 93.0712153.475000 91.8619793.525000 90.6834153.575000 84.1797553.625000 84.0536733.675000 80.3679923.725000 82.8129503.775000 80.1870643.825000 79.7361103.875000 75.6778713.925000 79.2374153.975000 76.6522304.025000 77.5103654.075000 70.9236664.125000 74.4526184.175000 79.8932404.225000 72.8423074.275000 73.3255004.325000 71.1294334.375000 70.8433174.425000 71.9336724.475000 70.8120624.525000 70.2662824.575000 70.7918554.625000 68.1534594.675000 69.6890754.725000 62.5190034.775000 63.2408374.825000 60.9798664.875000 62.6820134.925000 61.9406744.975000 57.8082735.025000 60.3823385.075000 58.1479155.125000 58.1701505.175000 58.0618155.225000 55.2070085.275000 53.8222165.325000 56.7451665.375000 55.6392725.425000 55.8621825.475000 54.0501185.525000 52.3463395.575000 50.3362665.625000 52.9161165.675000 50.4064095.725000 52.4433165.775000 48.9621865.825000 51.4086455.875000 49.8456735.925000 43.7036675.975000 46.0067426.025000 44.1063906.075000 40.5371276.125000 44.3748836.175000 41.2800426.225000 43.3713566.275000 42.7233566.325000 41.7720816.375000 41.4326966.425000 40.1734756.475000 38.4545626.525000 37.9422446.575000 38.1036766.625000 37.7845306.675000 37.5063556.725000 34.3465706.775000 34.3962616.825000 35.2950016.875000 34.5141106.925000 33.3205686.975000 32.9099967.025000 32.5076957.075000 30.7462337.125000 30.2221707.175000 30.2352407.225000 29.9401657.275000 29.4398187.325000 28.6833367.375000 27.9445937.425000 27.9447957.475000 27.2873677.525000 25.3238847.575000 25.0738907.625000 26.0600857.675000 24.5868697.725000 23.5762057.775000 22.6947347.825000 21.7818117.875000 20.5308797.925000 22.0971697.975000 21.2704298.025000 21.2286228.075000 21.5523388.125000 19.5038598.175000 19.8137468.225000 17.8561888.275000 17.8037548.325000 18.0727858.375000 16.9046238.425000 17.4445048.475000 16.9290598.525000 16.0959818.575000 14.5019188.625000 13.8849858.675000 14.3809938.725000 14.3002688.775000 12.6702508.825000 11.7505288.875000 12.5277758.925000 12.2479398.975000 11.1634539.025000 11.5676819.075000 11.2086629.125000 10.0348909.175000 9.6044089.225000 10.0616369.275000 9.7314379.325000 8.3827579.375000 7.3881679.425000 8.0445689.475000 7.1798569.525000 7.6309479.575000 6.3189229.625000 6.2706219.675000 6.6990539.725000 5.9235589.775000 6.0629939.825000 5.1770669.875000 5.0105279.925000 5.2186809.975000 4.67063910.025000 4.03822610.075000 4.21775610.125000 3.89675310.175000 3.53572310.225000 3.68390110.275000 3.19588710.325000 3.40387810.375000 3.23807710.425000 2.94349510.475000 2.65437510.525000 2.93092910.575000 2.66133910.625000 2.31209310.675000 2.23461910.725000 2.04779510.775000 2.04254210.825000 1.68416710.875000 1.58797210.925000 1.50679810.975000 1.54595311.025000 1.36174411.075000 1.47923411.125000 1.42738911.175000 1.38915511.225000 1.02313211.275000 0.98903911.325000 0.98032511.375000 0.92252411.425000 0.79253911.475000 0.85816811.525000 0.62307611.575000 0.59394711.625000 0.60062511.675000 0.61884511.725000 0.68303911.775000 0.55098411.825000 0.29593111.875000 0.42888011.925000 0.44767511.975000 0.39955012.025000 0.34120212.075000 0.21831112.125000 0.30312012.175000 0.28989812.225000 0.26623312.275000 0.25350612.325000 0.18859012.375000 0.14549812.425000 0.13402012.475000 0.17385512.525000 0.15217912.575000 0.14090712.625000 0.10983712.675000 0.08915912.725000 0.08846012.775000 0.07801712.825000 0.07741012.875000 0.05760712.925000 0.06668912.975000 0.02836113.025000 0.07505113.075000 0.01861913.125000 0.02771713.175000 0.04584513.225000 0.03639913.275000 0.01806313.325000 0.01792713.375000 0.00889713.425000 0.03532213.475000 0.01753013.525000 0.00000013.575000 0.01727313.625000 0.02572013.675000 0.01702113.725000 0.00844913.775000 0.02516313.825000 0.00000013.875000 0.00826713.925000 0.00820813.975000 0.00814914.025000 0.00000014.075000 0.00000014.125000 0.00000014.175000 0.00000014.225000 0.00000014.275000 0.00000014.325000 0.00000014.375000 0.00000014.425000 0.00764914.475000 0.00000014.525000 0.00000014.575000 0.00000014.625000 0.00744114.675000 0.00000014.725000 0.00000014.775000 0.00000014.825000 0.00000014.875000 0.00000014.925000 0.00000014.975000 0.00000015.025000 0.00000015.075000 0.00000015.125000 0.00000015.175000 0.00000015.225000 0.00000015.275000 0.00000015.325000 0.00000015.375000 0.00000015.425000 0.00000015.475000 0.00000015.525000 0.00000015.575000 0.00000015.625000 0.00000015.675000 0.00000015.725000 0.00000015.775000 0.00000015.825000 0.00000015.875000 0.00000015.925000 0.000000for time: 19.999000 iter:20000
0.025000 0.0000000.075000 0.0000000.125000 0.0000000.175000 0.0000000.225000 0.0000000.275000 0.0000000.325000 0.0000000.375000 0.0000000.425000 0.0000000.475000 0.0000000.525000 0.0000000.575000 0.0000000.625000 0.0000000.675000 0.0000000.725000 0.0000000.775000 0.0000000.825000 0.0000000.875000 0.0000000.925000 26.0350830.975000 113.8215891.025000 269.5915611.075000 307.0646201.125000 303.0125711.175000 221.2993291.225000 213.1492081.275000 170.3308671.325000 151.3747061.375000 139.7252741.425000 125.3908461.475000 103.8682591.525000 121.8039981.575000 87.8907381.625000 105.4671441.675000 107.2062401.725000 105.3604831.775000 111.1264351.825000 111.3328051.875000 109.0960171.925000 124.9761771.975000 126.0727472.025000 129.6267042.075000 129.7388472.125000 127.2299712.175000 122.1206502.225000 132.7675302.275000 128.5334402.325000 124.8312552.375000 103.8304372.425000 107.4414272.475000 103.6639732.525000 103.5932062.575000 100.8094652.625000 107.3992722.675000 104.5340492.725000 100.7332372.775000 103.9561992.825000 92.5315572.875000 98.0056852.925000 94.8698012.975000 97.6418053.025000 96.0060423.075000 100.1468493.125000 99.7383653.175000 93.7799813.225000 97.7806353.275000 100.3080493.325000 94.8667593.375000 86.9070523.425000 88.1870113.475000 89.8850363.525000 83.3826313.575000 86.0476493.625000 87.2026583.675000 80.9572013.725000 82.3541523.775000 80.6337893.825000 79.8448903.875000 82.5673133.925000 75.1050863.975000 75.7456994.025000 79.3769014.075000 80.2204174.125000 77.2586224.175000 75.6018324.225000 74.6254734.275000 75.5897084.325000 74.2775064.375000 73.7535474.425000 70.4706144.475000 73.0373564.525000 65.6803194.575000 68.8148544.625000 70.3111564.675000 66.4849794.725000 63.0180154.775000 63.9388594.825000 58.2453434.875000 60.0702624.925000 64.3028184.975000 58.9657255.025000 61.8320185.075000 61.5465715.125000 60.2303425.175000 61.4492505.225000 55.7316785.275000 58.9699315.325000 51.8620515.375000 53.7111785.425000 55.8621825.475000 55.2712895.525000 52.6591665.575000 52.7941915.625000 50.8034955.675000 48.1825975.725000 50.7923235.775000 50.3938295.825000 49.3917005.875000 48.0012455.925000 45.1544115.975000 43.2873516.025000 44.8078846.075000 46.0570776.125000 44.7991176.175000 43.5339576.225000 40.8249326.275000 42.4000016.325000 40.6183766.375000 41.7459876.425000 40.0963666.475000 40.6563046.525000 38.3534416.575000 38.3245676.625000 37.4219156.675000 35.5060166.725000 36.5636136.775000 35.8178806.825000 34.3724796.875000 33.4365966.925000 32.2917466.975000 34.1204037.025000 31.4434557.075000 30.3328917.125000 32.6361827.175000 29.9879177.225000 30.0926097.275000 28.0565377.325000 28.9502967.375000 28.9687417.425000 25.8951257.475000 28.1703617.525000 26.7573117.575000 24.0198997.625000 24.8830017.675000 23.1008497.725000 24.2962937.775000 23.5372307.825000 23.5493097.875000 21.5317597.925000 20.8301297.975000 20.9451178.025000 20.6849328.075000 20.7224638.125000 20.3958778.175000 19.4088978.225000 18.1855518.275000 19.1518188.325000 18.0038928.375000 15.9969928.425000 16.9287938.475000 15.5773938.525000 14.8915208.575000 14.6967208.625000 13.7994078.675000 13.9368748.725000 14.1539208.775000 13.2903278.825000 11.7914008.875000 12.3257148.925000 11.5086678.975000 11.3017619.025000 10.5516019.075000 10.5129529.125000 10.6083129.175000 9.5665969.225000 9.5753869.275000 8.3993779.325000 8.1631229.375000 7.9133069.425000 7.5966529.475000 7.1266719.525000 7.4204389.575000 6.5272389.625000 6.2019029.675000 6.4440139.725000 5.4860229.775000 5.6132659.825000 5.1111169.875000 5.1247739.925000 4.5400909.975000 4.60665710.025000 3.94320910.075000 4.12367910.125000 4.09857710.175000 3.38199610.225000 3.77523810.275000 3.24111210.325000 3.34416110.375000 2.82407610.425000 2.54810010.475000 3.22006210.525000 2.71541910.575000 2.30554510.625000 2.17111210.675000 2.05305710.725000 1.89559410.775000 2.12479210.825000 1.68416710.875000 1.84366210.925000 1.48012910.975000 1.38739311.025000 1.54505611.075000 1.25864611.125000 1.49168611.175000 0.95584111.225000 1.13681411.275000 1.00155811.325000 1.09200811.375000 0.79952111.425000 0.79253911.475000 0.80982111.525000 0.68298711.575000 0.68897811.625000 0.57707111.675000 0.51375811.725000 0.61357811.775000 0.49359011.825000 0.38698711.875000 0.41759411.925000 0.44767511.975000 0.31076112.025000 0.46227312.075000 0.29472012.125000 0.31394512.175000 0.19326512.225000 0.30883012.275000 0.24294312.325000 0.20954412.375000 0.14549812.425000 0.11340212.475000 0.14317512.525000 0.10145312.575000 0.17110112.625000 0.08986712.675000 0.09906612.725000 0.09828912.775000 0.09752112.825000 0.06773312.875000 0.04800612.925000 0.05716212.975000 0.01890813.025000 0.09381313.075000 0.02792913.125000 0.05543313.175000 0.02750713.225000 0.01819913.275000 0.07225013.325000 0.05378213.375000 0.00889713.425000 0.00883113.475000 0.00876513.525000 0.00870113.575000 0.00863713.625000 0.02572013.675000 0.02553213.725000 0.00844913.775000 0.01677513.825000 0.00832713.875000 0.00826713.925000 0.00000013.975000 0.00814914.025000 0.00809114.075000 0.00000014.125000 0.00797714.175000 0.00000014.225000 0.00000014.275000 0.00000014.325000 0.00000014.375000 0.00000014.425000 0.00000014.475000 0.00000014.525000 0.00000014.575000 0.00000014.625000 0.00000014.675000 0.00000014.725000 0.00000014.775000 0.00000014.825000 0.00724214.875000 0.00000014.925000 0.00000014.975000 0.00000015.025000 0.00000015.075000 0.00000015.125000 0.00000015.175000 0.00000015.225000 0.00000015.275000 0.00000015.325000 0.00000015.375000 0.00000015.425000 0.00000015.475000 0.00000015.525000 0.00000015.575000 0.00000015.625000 0.00000015.675000 0.00000015.725000 0.00000015.775000 0.00000015.825000 0.00000015.875000 0.00000015.925000 0.000000for time: 29.999000 iter:30000
0.025000 0.0000000.075000 0.0000000.125000 0.0000000.175000 0.0000000.225000 0.0000000.275000 0.0000000.325000 0.0000000.375000 0.0000000.425000 0.0000000.475000 0.0000000.525000 0.0000000.575000 0.0000000.625000 0.0000000.675000 0.0000000.725000 0.0000000.775000 0.0000000.825000 0.0000000.875000 0.0000000.925000 0.0000000.975000 33.4769381.025000 201.4363911.075000 351.1277041.125000 333.1880971.175000 301.9813771.225000 223.7536461.275000 190.8880401.325000 159.5326241.375000 137.2001181.425000 105.7985261.475000 113.3773241.525000 106.0652791.575000 99.4384261.625000 95.2217651.675000 96.9961221.725000 91.4550391.775000 107.0854731.825000 113.2440981.875000 117.2442671.925000 125.4056491.975000 117.0966942.025000 142.8222372.075000 125.3033302.125000 137.4506612.175000 132.2132662.225000 128.2669362.275000 142.3707722.325000 121.0038822.375000 111.7305792.425000 106.9001602.475000 109.6395912.525000 98.8503842.575000 104.6498262.625000 100.9322192.675000 94.0806442.725000 102.4478462.775000 98.5827182.825000 104.6962662.875000 99.7385952.925000 98.7762052.975000 102.1372843.025000 105.5718613.075000 98.1270803.125000 100.8791643.175000 100.2530103.225000 95.0262513.275000 99.5661263.325000 101.9205853.375000 91.2384333.425000 91.4431473.475000 95.8158673.525000 85.5600583.575000 85.3004913.625000 88.0504613.675000 82.9605083.725000 78.5690733.775000 79.7403403.825000 81.4765983.875000 81.0834333.925000 81.8201213.975000 87.7320534.025000 81.2434374.075000 84.5333434.125000 77.5392224.175000 78.0671094.225000 76.1411634.275000 81.0760584.325000 75.4686694.375000 75.0007884.425000 72.2587964.475000 72.7194574.525000 64.0480274.575000 68.5867384.625000 65.7725524.675000 62.6983214.725000 65.4417854.775000 68.5458084.825000 63.3042104.875000 64.8249884.925000 68.3709564.975000 63.7241375.025000 62.7774625.075000 58.7658535.125000 64.5325105.175000 58.2401015.225000 59.2294825.275000 60.1710645.325000 57.5309555.375000 56.5757745.425000 52.5093695.475000 54.3686845.525000 51.4599975.575000 52.9478125.625000 53.1676185.675000 49.4674665.725000 49.1413295.775000 47.9600365.825000 46.2021135.875000 49.3384555.925000 45.1997475.975000 48.9936136.025000 48.4030376.075000 46.1002016.125000 46.7081706.175000 42.6991736.225000 41.4410026.275000 44.6634906.325000 40.8172906.375000 40.6494696.425000 39.5951626.475000 37.2018476.525000 38.1291526.575000 38.1773066.625000 35.6088376.675000 35.2202536.725000 35.7542166.775000 35.8525546.825000 34.0649726.875000 34.8171616.925000 31.6943656.975000 32.4192907.025000 32.7334437.075000 31.6683027.125000 30.3162237.175000 30.2352407.225000 31.0682567.275000 28.9586777.325000 27.6154977.375000 24.7843677.425000 27.0498697.475000 25.4074447.525000 26.6729927.575000 25.1016267.625000 24.9377497.675000 23.7222757.725000 22.6960987.775000 23.3002787.825000 22.1717007.875000 21.4547687.925000 20.3739957.975000 21.9711028.025000 20.9073518.075000 19.6485078.125000 18.6118418.175000 19.1707518.225000 17.1033588.275000 17.0832368.325000 17.2690398.375000 16.2919728.425000 16.7269938.475000 15.7103448.525000 15.7455928.575000 14.9564568.625000 14.6551848.675000 14.3809938.725000 12.2932138.775000 12.4842278.825000 12.0570648.875000 11.3558228.925000 10.4497108.975000 11.5783789.025000 10.3366619.075000 9.6239899.125000 9.4232399.175000 9.4531589.225000 8.9582229.275000 8.5473849.325000 8.1997289.375000 8.1306069.425000 7.9908189.475000 7.4280489.525000 6.5608609.575000 7.0306689.625000 5.9270259.675000 5.4068509.725000 5.2672549.775000 5.8298019.825000 5.1440919.875000 4.2760859.925000 4.2977379.975000 3.99883410.025000 4.33911410.075000 4.10800010.125000 3.89675310.175000 3.02842410.225000 3.25766510.275000 2.80393910.325000 3.10529210.375000 2.89800510.425000 2.67989810.475000 2.88645210.525000 2.64358310.575000 2.19169110.625000 1.97373810.675000 2.06702310.725000 2.07546810.775000 1.91916710.825000 1.87431510.875000 1.66871610.925000 1.49346310.975000 1.45346011.025000 1.15224511.075000 1.11591311.125000 1.04160811.175000 1.21073211.225000 1.06102611.275000 0.96400011.325000 0.98032511.375000 0.91022411.425000 0.73157411.475000 0.87025511.525000 0.69496911.575000 0.54643111.625000 0.47107911.675000 0.49040511.725000 0.42834711.775000 0.41323811.825000 0.52357011.875000 0.37244811.925000 0.40290711.975000 0.44394412.025000 0.36321512.075000 0.33838212.125000 0.25981712.175000 0.19326512.225000 0.15974012.275000 0.22181812.325000 0.12572712.375000 0.17667612.425000 0.14432912.475000 0.12272112.525000 0.10145312.575000 0.07045312.625000 0.16974812.675000 0.08915912.725000 0.06880212.775000 0.05851312.825000 0.05805712.875000 0.06720812.925000 0.06668912.975000 0.04726913.025000 0.01876313.075000 0.09309713.125000 0.04619513.175000 0.04584513.225000 0.02729913.275000 0.01806313.325000 0.03585513.375000 0.01779413.425000 0.01766113.475000 0.01753013.525000 0.00870113.575000 0.00000013.625000 0.00857313.675000 0.00851113.725000 0.03379513.775000 0.00838813.825000 0.00832713.875000 0.01653413.925000 0.01641613.975000 0.00000014.025000 0.00000014.075000 0.00000014.125000 0.00000014.175000 0.00792114.225000 0.00786514.275000 0.00000014.325000 0.00000014.375000 0.00770214.425000 0.00000014.475000 0.00000014.525000 0.00000014.575000 0.00000014.625000 0.00000014.675000 0.00000014.725000 0.00000014.775000 0.00000014.825000 0.00724214.875000 0.00000014.925000 0.00714514.975000 0.00000015.025000 0.00000015.075000 0.00000015.125000 0.00000015.175000 0.00000015.225000 0.00000015.275000 0.00000015.325000 0.00000015.375000 0.00000015.425000 0.00000015.475000 0.00000015.525000 0.00000015.575000 0.00000015.625000 0.00000015.675000 0.00000015.725000 0.00000015.775000 0.00000015.825000 0.00000015.875000 0.00000015.925000 0.000000for time: 39.999000 iter:40000
0.025000 0.0000000.075000 0.0000000.125000 0.0000000.175000 0.0000000.225000 0.0000000.275000 0.0000000.325000 0.0000000.375000 0.0000000.425000 0.0000000.475000 0.0000000.525000 0.0000000.575000 0.0000000.625000 0.0000000.675000 0.0000000.725000 0.0000000.775000 0.0000000.825000 0.0000000.875000 0.0000000.925000 0.0000000.975000 21.7600101.025000 260.5042051.075000 519.1182141.125000 580.8788711.175000 428.7674511.225000 302.2264881.275000 190.8880401.325000 144.1232231.375000 125.4160591.425000 98.7452911.475000 78.9983941.525000 73.2192571.575000 85.3245851.625000 65.6909641.675000 86.2187751.725000 105.3604831.775000 134.8670821.825000 139.0465501.875000 171.1132551.925000 183.8137591.975000 178.2970572.025000 189.0066022.075000 178.1598982.125000 172.6944212.175000 167.2010012.225000 165.8790452.275000 139.9108022.325000 125.1256682.375000 116.2449462.425000 100.6755942.475000 101.8453072.525000 94.3571852.575000 108.4901862.625000 102.0870502.675000 110.7616092.725000 110.1635832.775000 125.8634702.825000 125.2366772.875000 124.9620622.925000 131.3295682.975000 129.4697963.025000 129.9212193.075000 124.3840693.125000 115.0576573.175000 114.7778563.225000 110.6344273.275000 103.2757433.325000 99.0414723.375000 98.3642523.425000 89.9507513.475000 97.1338293.525000 89.0183243.575000 88.1645953.625000 91.5627913.675000 91.2094233.725000 100.7060533.775000 97.8326863.825000 96.2707463.875000 101.4337853.925000 92.7707943.975000 94.3799474.025000 93.8179954.075000 89.4213254.125000 85.4895644.175000 82.2672114.225000 83.2738254.275000 76.8959824.325000 75.8090014.375000 76.4974784.425000 74.9410694.475000 79.3953424.525000 74.1526924.575000 78.3196684.625000 73.3616934.675000 73.2572724.725000 72.3566574.775000 73.0131524.825000 72.5332264.875000 72.6602394.925000 71.5204824.975000 69.2541835.025000 66.8113555.075000 64.5744655.125000 62.7752865.175000 58.5966735.225000 63.9515185.275000 61.0290175.325000 58.3728715.375000 54.4824165.425000 58.8905295.475000 57.6074445.525000 58.7071495.575000 54.3816025.625000 54.4754315.675000 56.9295925.725000 55.5510685.775000 50.7756015.825000 49.7669465.875000 50.2606695.925000 52.3174605.975000 47.2995676.025000 46.9123646.075000 46.4883236.125000 44.8415406.175000 42.5739566.225000 44.9320686.275000 41.9149676.325000 41.2946866.375000 40.9627606.425000 41.3301006.475000 41.4534876.525000 37.4562856.575000 38.9872396.625000 36.6241616.675000 35.8632196.725000 36.7747606.775000 37.2395006.825000 32.7324406.875000 32.1233766.925000 33.6856346.975000 33.3679887.025000 30.5404637.075000 28.5841407.125000 29.0621917.175000 29.4932717.225000 27.6230037.275000 27.7858957.325000 26.9925917.375000 27.0374917.425000 25.6930457.475000 25.6637977.525000 24.4244797.575000 23.1878017.625000 23.3226817.675000 21.3716637.725000 22.0560207.775000 20.9834157.825000 20.7680997.875000 20.1202617.925000 18.4480957.975000 20.1193248.025000 17.7934908.075000 17.3297398.125000 16.5867188.175000 16.8607358.225000 17.0563068.275000 14.2941368.325000 15.1333748.375000 15.4977958.425000 14.6865698.475000 14.4694718.525000 13.4023688.575000 12.9002148.625000 11.8311198.675000 11.8643198.725000 11.4778478.775000 10.1279328.825000 10.3813368.875000 10.1636638.925000 10.2698878.975000 8.7529379.025000 7.6206019.075000 9.0055809.125000 7.9323419.175000 7.9784659.225000 7.0880309.275000 6.6788009.325000 6.5524619.375000 6.1930229.425000 6.0199899.475000 5.0524919.525000 5.5258589.575000 5.0516659.625000 4.8962389.675000 4.2336669.725000 4.1397599.775000 3.7310729.825000 3.4458829.875000 3.2152249.925000 3.1990679.975000 3.18307210.025000 3.05638310.075000 2.68117510.125000 2.70133510.175000 2.25978810.225000 2.48130510.275000 2.02004210.325000 2.28418110.375000 1.99607510.425000 1.83053110.475000 1.76958410.525000 1.56603610.575000 1.32355410.625000 1.39571510.675000 1.25697310.725000 1.02389710.775000 0.94587510.825000 0.97790410.875000 0.69978410.925000 0.84007310.975000 0.81922311.025000 0.68087211.075000 0.59688411.125000 0.45007811.175000 0.63722711.225000 0.50525011.275000 0.40062311.325000 0.44673011.375000 0.31980811.425000 0.36578711.475000 0.32634611.525000 0.31153811.575000 0.22570011.625000 0.21198511.675000 0.19849711.725000 0.12734611.775000 0.14922511.825000 0.13658411.875000 0.16929511.925000 0.08953511.975000 0.05549312.025000 0.05503312.075000 0.04366212.125000 0.03247712.175000 0.07515912.225000 0.03194812.275000 0.03168812.325000 0.05238612.375000 0.01039312.425000 0.02061812.475000 0.01022712.525000 0.02029112.575000 0.02013012.625000 0.03994112.675000 0.00000012.725000 0.00982912.775000 0.00000012.825000 0.00000012.875000 0.00000012.925000 0.00952712.975000 0.00000013.025000 0.00000013.075000 0.00000013.125000 0.00000013.175000 0.00000013.225000 0.00000013.275000 0.00000013.325000 0.00000013.375000 0.00000013.425000 0.00000013.475000 0.00000013.525000 0.00000013.575000 0.00000013.625000 0.00000013.675000 0.00000013.725000 0.00000013.775000 0.00000013.825000 0.00000013.875000 0.00000013.925000 0.00000013.975000 0.00000014.025000 0.00000014.075000 0.00000014.125000 0.00000014.175000 0.00000014.225000 0.00000014.275000 0.00000014.325000 0.00000014.375000 0.00000014.425000 0.00000014.475000 0.00000014.525000 0.00000014.575000 0.00000014.625000 0.00000014.675000 0.00000014.725000 0.00000014.775000 0.00000014.825000 0.00000014.875000 0.00000014.925000 0.00000014.975000 0.00000015.025000 0.00000015.075000 0.00000015.125000 0.00000015.175000 0.00000015.225000 0.00000015.275000 0.00000015.325000 0.00000015.375000 0.00000015.425000 0.00000015.475000 0.00000015.525000 0.00000015.575000 0.00000015.625000 0.00000015.675000 0.00000015.725000 0.00000015.775000 0.00000015.825000 0.00000015.875000 0.00000015.925000 0.000000for time: 49.999000 iter:50000
0.025000 0.0000000.075000 0.0000000.125000 0.0000000.175000 0.0000000.225000 0.0000000.275000 0.0000000.325000 0.0000000.375000 0.0000000.425000 0.0000000.475000 0.0000000.525000 0.0000000.575000 0.0000000.625000 0.0000000.675000 0.0000000.725000 0.0000000.775000 0.0000000.825000 0.0000000.875000 0.0000000.925000 0.0000000.975000 0.0000001.025000 42.4076611.075000 1113.9698541.125000 1058.6580281.175000 386.1212261.225000 165.4292361.275000 98.8702161.325000 63.4504761.375000 64.8123261.425000 69.7486581.475000 64.3690621.525000 70.4820891.575000 82.1168941.625000 86.7843931.675000 97.5633511.725000 112.3132051.775000 165.6794121.825000 208.8087371.875000 271.1556601.925000 255.1060121.975000 218.6892962.025000 187.0660822.075000 176.3117662.125000 201.9467412.175000 223.0468082.225000 175.8446472.275000 126.3809662.325000 98.9228812.375000 84.9265262.425000 74.9654292.475000 94.0510232.525000 97.1030292.575000 105.3698932.625000 112.9424612.675000 130.3339422.725000 153.2431172.775000 160.9977722.825000 184.8636932.875000 171.5580862.925000 160.1625472.975000 139.3598503.025000 125.7470443.075000 117.1465663.125000 102.5088753.175000 112.8833113.225000 113.8478753.275000 111.1401313.325000 95.4425813.375000 89.1426033.425000 84.6595313.475000 89.7532403.525000 102.4671353.575000 101.3643793.625000 110.9411593.675000 107.3537263.725000 116.1904683.775000 121.2857273.825000 120.0936773.875000 111.1849953.925000 98.4527473.975000 98.4089744.025000 87.5307164.075000 85.9709844.125000 80.8128924.175000 83.3628894.225000 82.1147674.275000 76.3734724.325000 78.1062444.375000 78.5762144.425000 77.2169364.475000 78.7595434.525000 80.9927724.575000 81.4372474.625000 85.7126474.675000 83.6705824.725000 81.3388634.775000 78.8765414.825000 76.6350114.875000 73.5308234.925000 69.5520284.975000 66.5534635.025000 62.5253445.075000 63.2150025.125000 65.1990435.175000 60.7361055.225000 60.3954175.275000 61.7725755.325000 55.6226115.375000 59.6056365.425000 59.5394605.475000 57.3419725.525000 60.1148705.575000 58.2733175.625000 58.6000715.675000 57.9673715.725000 55.8909785.775000 52.8276225.825000 50.0014745.875000 48.4623525.925000 48.5545935.975000 46.6308646.025000 46.1231846.075000 43.5558506.125000 44.3324596.175000 43.4087396.225000 41.9338596.275000 41.2278376.325000 41.4140346.375000 43.0383116.425000 39.6337166.475000 38.4166016.525000 39.1758356.575000 39.3922066.625000 38.5097616.675000 35.6131776.725000 35.7190256.775000 34.8123456.825000 31.3657426.875000 30.8101576.925000 31.3292996.975000 31.4051657.025000 29.9599697.075000 27.9164357.125000 28.4978767.175000 26.6490567.225000 26.5863787.275000 27.9663237.325000 26.9629297.375000 26.6863557.425000 24.9713307.475000 22.4451417.525000 23.7218187.575000 22.0783377.625000 23.5416737.675000 21.1825337.725000 21.4159427.775000 20.6674797.825000 19.9103437.875000 17.6565567.925000 17.0796927.975000 17.0914158.025000 16.5331188.075000 16.1825598.125000 16.4420668.175000 16.7416628.225000 14.0920388.275000 14.8287148.325000 14.3525938.375000 14.9305268.425000 13.9914798.475000 12.4308938.525000 10.7744538.575000 12.0344288.625000 11.6599648.675000 10.3416268.725000 10.3070648.775000 9.5078558.825000 9.8500088.875000 9.3554198.925000 7.5325828.975000 8.2589799.025000 7.2102619.075000 7.7494379.125000 6.8046119.175000 6.7495559.225000 6.5269729.275000 5.8832649.325000 5.9850699.375000 5.6497759.425000 5.3929079.475000 4.3433699.525000 4.2101789.575000 4.2704809.625000 3.6077549.675000 3.4175379.725000 3.5002849.775000 3.3979419.825000 2.5390719.875000 3.0356949.925000 2.4235369.975000 2.20735710.025000 2.59713410.075000 2.19511410.125000 2.48398610.175000 2.24441610.225000 1.79628310.275000 1.62809410.325000 1.47800010.375000 1.40464510.425000 1.42049210.475000 1.05884910.525000 1.12064910.575000 0.98199110.625000 0.85998610.675000 0.79608310.725000 0.78867810.775000 0.83620910.825000 0.71984610.875000 0.68632710.925000 0.60005210.975000 0.59459711.025000 0.47137311.075000 0.50605411.125000 0.59153111.175000 0.43331511.225000 0.31578211.275000 0.30046811.325000 0.24818411.375000 0.17220511.425000 0.14631511.475000 0.12086911.525000 0.16775111.575000 0.10691011.625000 0.03533111.675000 0.12843911.725000 0.06946211.775000 0.11478811.825000 0.07967411.875000 0.04514511.925000 0.05595911.975000 0.08878912.025000 0.02201312.075000 0.03274712.125000 0.03247712.175000 0.03221112.225000 0.00000012.275000 0.00000012.325000 0.01047712.375000 0.00000012.425000 0.00000012.475000 0.00000012.525000 0.00000012.575000 0.00000012.625000 0.00998512.675000 0.00000012.725000 0.00982912.775000 0.00000012.825000 0.00000012.875000 0.00000012.925000 0.00000012.975000 0.00000013.025000 0.00000013.075000 0.00000013.125000 0.00000013.175000 0.00000013.225000 0.00000013.275000 0.00000013.325000 0.00000013.375000 0.00000013.425000 0.00000013.475000 0.00000013.525000 0.00000013.575000 0.00000013.625000 0.00000013.675000 0.00000013.725000 0.00000013.775000 0.00000013.825000 0.00000013.875000 0.00000013.925000 0.00000013.975000 0.00000014.025000 0.00000014.075000 0.00000014.125000 0.00000014.175000 0.00000014.225000 0.00000014.275000 0.00000014.325000 0.00000014.375000 0.00000014.425000 0.00000014.475000 0.00000014.525000 0.00000014.575000 0.00000014.625000 0.00000014.675000 0.00000014.725000 0.00000014.775000 0.00000014.825000 0.00000014.875000 0.00000014.925000 0.00000014.975000 0.00000015.025000 0.00000015.075000 0.00000015.125000 0.00000015.175000 0.00000015.225000 0.00000015.275000 0.00000015.325000 0.00000015.375000 0.00000015.425000 0.00000015.475000 0.00000015.525000 0.00000015.575000 0.00000015.625000 0.00000015.675000 0.00000015.725000 0.00000015.775000 0.00000015.825000 0.00000015.875000 0.00000015.925000 0.000000for time: 59.999000 iter:60000
0.025000 0.0000000.075000 0.0000000.125000 0.0000000.175000 0.0000000.225000 0.0000000.275000 0.0000000.325000 0.0000000.375000 0.0000000.425000 0.0000000.475000 0.0000000.525000 0.0000000.575000 0.0000000.625000 0.0000000.675000 0.0000000.725000 0.0000000.775000 0.0000000.825000 0.0000000.875000 0.0000000.925000 0.0000000.975000 0.0000001.025000 42.4076611.075000 1119.4777401.125000 1111.4651981.175000 376.9004201.225000 133.6159211.275000 98.8702161.325000 72.5148291.375000 63.1288891.425000 56.4258811.475000 77.5354611.525000 67.7449201.575000 80.1922791.625000 95.2217651.675000 83.9498601.725000 117.6614531.775000 166.1845321.825000 217.4095541.875000 255.3118401.925000 252.9586551.975000 230.9293682.025000 197.5448882.075000 184.4435452.125000 212.1674312.175000 214.2998742.225000 174.8802342.275000 115.3111002.325000 90.3848942.375000 84.0800822.425000 77.4011292.475000 90.1538822.525000 96.6037852.575000 115.2108172.625000 124.0288372.675000 138.5632182.725000 142.9554672.775000 168.6446492.825000 172.3001412.875000 168.6699022.925000 162.5807972.975000 141.3378613.025000 126.9645123.075000 121.6910453.125000 107.7239533.175000 115.4093713.225000 106.5028513.275000 99.1209713.325000 90.8360013.375000 91.0987113.425000 89.8150793.475000 92.1255723.525000 98.4965343.575000 107.3416403.625000 111.6678483.675000 118.5486813.725000 119.6314503.775000 112.2395543.825000 114.0019693.875000 105.8854243.925000 103.8247753.975000 96.0922844.025000 89.7902074.075000 87.6961554.125000 78.7551574.175000 78.8888684.225000 79.8858114.275000 76.6347274.325000 79.2974064.375000 75.4165354.425000 83.5568534.475000 78.2032204.525000 78.8163834.575000 90.1816764.625000 86.2334704.675000 79.5198224.725000 81.8378754.775000 77.4106934.825000 72.2597744.875000 72.7272074.925000 70.8643304.975000 64.7529825.025000 62.3992855.075000 64.1419095.125000 60.5333125.175000 60.8549635.225000 58.7631085.275000 62.0585595.325000 62.1895595.375000 59.9912545.425000 60.4047025.475000 59.2533715.525000 59.0721145.575000 61.4481375.625000 55.1796385.675000 55.1999605.725000 54.3371025.775000 51.4914225.825000 50.1421915.875000 48.9695695.925000 49.0986225.975000 45.8284216.025000 43.2733676.075000 45.2377096.125000 43.4415686.175000 44.9530896.225000 43.3713566.275000 43.7742626.325000 42.4086086.375000 39.8270816.425000 39.7493786.475000 39.8591226.525000 40.7458586.575000 39.6130976.625000 38.0020996.675000 35.5774576.725000 34.4873356.775000 33.8761566.825000 30.4773876.875000 30.7764846.925000 29.3712186.975000 29.8676217.025000 29.7019717.075000 31.4457337.125000 29.6892077.175000 28.9058797.225000 28.9035407.275000 25.8914037.325000 26.2510377.375000 24.2284017.425000 25.6064397.475000 22.5590767.525000 24.1715217.575000 23.4651677.625000 22.2550947.675000 21.5878117.725000 20.3224767.775000 18.9824877.825000 19.6764097.875000 17.6052287.925000 18.1693467.975000 17.3416568.025000 18.0406228.075000 17.1344758.125000 16.5867188.175000 15.5747478.225000 15.7859068.275000 14.3406218.325000 13.9392388.375000 13.4556268.425000 11.5026108.475000 12.4752108.525000 12.6139938.575000 11.9045608.625000 11.3176538.675000 10.5742608.725000 10.5788538.775000 10.2106098.825000 8.9917088.875000 8.3855278.925000 8.6514818.975000 8.4565629.025000 7.6401419.075000 6.7251979.125000 6.6134709.175000 7.1844009.225000 6.4895689.275000 6.2902839.325000 5.8020399.375000 4.6900379.425000 4.4612429.475000 4.6802029.525000 4.0873819.575000 4.1836829.625000 4.3636659.675000 3.8936129.725000 3.6517399.775000 2.9482139.825000 3.1491079.875000 2.5460669.925000 2.7628319.975000 2.57524910.025000 2.05870410.075000 2.47734310.125000 2.04928910.175000 2.02919810.225000 1.75061410.275000 1.47734410.325000 1.77658610.375000 1.36028810.425000 1.55229110.475000 1.33444010.525000 0.93387410.575000 1.12430910.625000 1.12785010.675000 1.04747810.725000 0.88553310.775000 0.79508410.825000 0.67910010.875000 0.65941210.925000 0.60005210.975000 0.58138411.025000 0.62849711.075000 0.41522311.125000 0.47579611.175000 0.36959211.225000 0.35367511.275000 0.26290911.325000 0.21095611.375000 0.31980811.425000 0.21947211.475000 0.24173811.525000 0.20369811.575000 0.13066811.625000 0.15310111.675000 0.12843911.725000 0.11576911.775000 0.03443611.825000 0.07967411.875000 0.04514511.925000 0.12311111.975000 0.02219712.025000 0.05503312.075000 0.06549312.125000 0.02165112.175000 0.02147412.225000 0.02129912.275000 0.00000012.325000 0.03143212.375000 0.01039312.425000 0.01030912.475000 0.00000012.525000 0.01014512.575000 0.00000012.625000 0.00000012.675000 0.00990712.725000 0.00000012.775000 0.00000012.825000 0.00000012.875000 0.00000012.925000 0.00000012.975000 0.00000013.025000 0.00000013.075000 0.00000013.125000 0.00000013.175000 0.00000013.225000 0.00000013.275000 0.00000013.325000 0.00000013.375000 0.00000013.425000 0.00000013.475000 0.00000013.525000 0.00000013.575000 0.00000013.625000 0.00000013.675000 0.00000013.725000 0.00000013.775000 0.00000013.825000 0.00000013.875000 0.00000013.925000 0.00000013.975000 0.00000014.025000 0.00000014.075000 0.00000014.125000 0.00000014.175000 0.00000014.225000 0.00000014.275000 0.00000014.325000 0.00000014.375000 0.00000014.425000 0.00000014.475000 0.00000014.525000 0.00000014.575000 0.00000014.625000 0.00000014.675000 0.00000014.725000 0.00000014.775000 0.00000014.825000 0.00000014.875000 0.00000014.925000 0.00000014.975000 0.00000015.025000 0.00000015.075000 0.00000015.125000 0.00000015.175000 0.00000015.225000 0.00000015.275000 0.00000015.325000 0.00000015.375000 0.00000015.425000 0.00000015.475000 0.00000015.525000 0.00000015.575000 0.00000015.625000 0.00000015.675000 0.00000015.725000 0.00000015.775000 0.00000015.825000 0.00000015.875000 0.00000015.925000 0.000000for time: 69.999000 iter:70000
0.025000 0.0000000.075000 0.0000000.125000 0.0000000.175000 0.0000000.225000 0.0000000.275000 0.0000000.325000 0.0000000.375000 0.0000000.425000 0.0000000.475000 0.0000000.525000 0.0000000.575000 0.0000000.625000 0.0000000.675000 0.0000000.725000 0.0000000.775000 0.0000000.825000 0.0000000.875000 0.0000000.925000 0.0000000.975000 0.0000001.025000 57.5532551.075000 1178.6875091.125000 1066.2019101.175000 380.3582221.225000 163.3083481.275000 79.2919551.325000 66.1697821.375000 64.8123261.425000 51.7237241.475000 62.1746621.525000 80.7464711.575000 85.9661231.625000 91.6057481.675000 107.7734691.725000 106.4301331.775000 174.7715751.825000 217.4095541.875000 265.7234941.925000 264.5543831.975000 227.2573472.025000 184.7374592.075000 189.9879412.125000 217.1015572.175000 226.4110132.225000 175.5231762.275000 125.4584772.325000 85.9686942.375000 77.3085322.425000 78.4836622.475000 85.4773112.525000 95.6052962.575000 108.9702312.625000 132.5745862.675000 144.5683662.725000 154.1004212.775000 174.2248032.825000 181.2741072.875000 169.0549932.925000 153.0938172.975000 149.7893623.025000 129.5733713.075000 114.6218563.125000 115.3835993.175000 111.1466453.225000 105.8907663.275000 103.4241273.325000 89.8283123.375000 85.7892773.425000 92.9355433.475000 88.9624623.525000 104.3883943.575000 109.7076393.625000 110.4567003.675000 123.4980303.725000 127.6604063.775000 117.9352933.825000 113.4580663.875000 105.2494763.925000 100.8288363.975000 95.0850274.025000 90.6743564.075000 89.2296394.125000 79.2228244.175000 77.5192704.225000 75.2495804.275000 78.8989354.325000 77.3404964.375000 82.1516394.425000 76.4854074.475000 90.0449674.525000 85.1123664.575000 83.8704794.625000 83.1829334.675000 82.0685344.725000 80.9824264.775000 76.2938574.825000 78.6859034.875000 73.0620474.925000 68.1084954.975000 62.6952915.025000 63.7859355.075000 62.6588595.125000 61.6845965.175000 59.1315315.225000 64.5344855.275000 56.2816805.325000 58.9341495.375000 62.0846135.425000 63.2167385.475000 60.5276375.525000 58.9157015.575000 63.7524435.625000 54.2239295.675000 54.6069435.725000 54.6770135.775000 48.6758585.825000 49.5793235.875000 49.2001235.925000 47.3758635.975000 46.7646056.025000 43.1856806.075000 44.3752176.125000 44.2900366.175000 43.1165656.225000 44.0284986.275000 43.4104876.325000 41.9312136.375000 42.2159236.425000 40.4819086.475000 38.9480566.525000 40.7458586.575000 37.8091556.625000 36.9142536.675000 34.7201696.725000 34.4521436.775000 33.0093156.825000 32.2199286.875000 30.5407786.925000 29.6035336.975000 31.4705937.025000 29.5729727.075000 29.2518457.125000 30.3789247.175000 27.4219407.225000 27.2266477.275000 27.4250407.325000 25.0348877.375000 25.8670377.425000 24.4516967.475000 24.3250647.525000 22.6537747.575000 22.7162787.625000 21.5159957.675000 21.3446447.725000 20.7225247.775000 19.9566237.825000 18.4027717.875000 18.9653997.925000 16.9783297.975000 16.9412718.025000 17.6699248.075000 16.8171708.125000 15.7670268.175000 16.8369218.225000 15.2448098.275000 14.3406218.325000 13.6636688.375000 12.7749038.425000 12.4443448.475000 12.0541998.525000 12.3293028.575000 11.7746928.625000 11.2534708.675000 10.3627748.725000 10.4534128.775000 10.0659248.825000 9.1551948.875000 8.9512978.925000 8.1120128.975000 8.5355969.025000 7.6010619.075000 6.7831739.125000 6.2694179.175000 6.3525229.225000 6.4334629.275000 5.6982569.325000 5.6922229.375000 5.0884199.425000 4.6583259.475000 4.8397559.525000 4.6136539.575000 3.9059279.625000 3.9857109.675000 3.7235869.725000 3.1805479.775000 3.4145979.825000 3.0007209.875000 2.6603129.925000 2.5851059.975000 2.33531910.025000 2.23290210.075000 1.97560310.125000 2.04928910.175000 1.86009810.225000 1.79628310.275000 1.50749410.325000 1.55264610.375000 1.36028810.425000 1.56693510.475000 0.95731610.525000 1.37926110.575000 1.03891810.625000 0.84588810.675000 0.86591510.725000 0.94087910.775000 0.82250010.825000 0.76059210.875000 0.43063610.925000 0.49337610.975000 0.52853111.025000 0.57612311.075000 0.51902911.125000 0.52723411.175000 0.39508111.225000 0.34104411.275000 0.32550711.325000 0.26059311.375000 0.25830711.425000 0.29263011.475000 0.19339011.525000 0.16775111.575000 0.14254711.625000 0.07066211.675000 0.15179211.725000 0.04630811.775000 0.14922511.825000 0.07967411.875000 0.05643211.925000 0.06715111.975000 0.05549312.025000 0.03302012.075000 0.03274712.125000 0.05412912.175000 0.06442212.225000 0.04259712.275000 0.00000012.325000 0.00000012.375000 0.01039312.425000 0.02061812.475000 0.00000012.525000 0.01014512.575000 0.00000012.625000 0.00000012.675000 0.00000012.725000 0.00000012.775000 0.00000012.825000 0.00967612.875000 0.00000012.925000 0.00000012.975000 0.00000013.025000 0.00000013.075000 0.00000013.125000 0.00000013.175000 0.00000013.225000 0.00000013.275000 0.00000013.325000 0.00000013.375000 0.00000013.425000 0.00000013.475000 0.00000013.525000 0.00000013.575000 0.00000013.625000 0.00000013.675000 0.00000013.725000 0.00000013.775000 0.00000013.825000 0.00000013.875000 0.00000013.925000 0.00000013.975000 0.00000014.025000 0.00000014.075000 0.00000014.125000 0.00000014.175000 0.00000014.225000 0.00000014.275000 0.00000014.325000 0.00000014.375000 0.00000014.425000 0.00000014.475000 0.00000014.525000 0.00000014.575000 0.00000014.625000 0.00000014.675000 0.00000014.725000 0.00000014.775000 0.00000014.825000 0.00000014.875000 0.00000014.925000 0.00000014.975000 0.00000015.025000 0.00000015.075000 0.00000015.125000 0.00000015.175000 0.00000015.225000 0.00000015.275000 0.00000015.325000 0.00000015.375000 0.00000015.425000 0.00000015.475000 0.00000015.525000 0.00000015.575000 0.00000015.625000 0.00000015.675000 0.00000015.725000 0.00000015.775000 0.00000015.825000 0.00000015.875000 0.00000015.925000 0.000000for time: 79.999000 iter:80000
0.025000 0.0000000.075000 0.0000000.125000 0.0000000.175000 0.0000000.225000 0.0000000.275000 0.0000000.325000 0.0000000.375000 0.0000000.425000 0.0000000.475000 0.0000000.525000 0.0000000.575000 0.0000000.625000 0.0000000.675000 0.0000000.725000 0.0000000.775000 0.0000000.825000 0.0000000.875000 0.0000000.925000 0.0000000.975000 0.0000001.025000 57.5532551.075000 1164.9177951.125000 1086.3189271.175000 373.4426181.225000 161.1874601.275000 102.7858681.325000 59.8247341.375000 45.4528001.425000 54.0748021.475000 63.6375951.525000 78.6935941.575000 85.3245851.625000 91.6057481.675000 95.2944361.725000 118.7311031.775000 169.2152531.825000 219.7986701.875000 264.8181321.925000 271.4259251.975000 220.7293082.025000 191.7233292.075000 184.8131722.125000 207.9381802.175000 230.1116392.225000 177.4520022.275000 124.2284922.325000 93.9178552.375000 79.2835672.425000 66.3051632.475000 84.1782642.525000 94.1075632.575000 103.9297582.625000 133.9603832.675000 145.6804302.725000 158.3869412.775000 176.4981992.825000 179.4793142.875000 167.7071752.925000 156.8142012.975000 139.8993083.025000 136.8781793.075000 120.6811613.125000 108.5388093.175000 109.7257363.225000 102.5242963.275000 104.1660513.325000 95.2986263.375000 81.4578963.425000 83.0314633.475000 91.7301833.525000 106.8219883.575000 106.7190093.625000 119.0558513.675000 119.2557313.725000 124.4488233.775000 119.4988293.825000 112.6966033.875000 108.2172353.925000 99.2792133.975000 92.1639834.025000 91.3620274.075000 83.7666004.125000 84.8348304.175000 77.3366564.225000 75.0712644.275000 75.8509634.325000 76.4896664.375000 78.9088124.425000 78.2735894.475000 83.5280324.525000 87.5219404.575000 84.3267104.625000 83.0341274.675000 82.5782774.725000 80.9824264.775000 80.6913994.825000 74.9259344.875000 70.9860404.925000 66.9274234.975000 62.9525025.025000 62.3992855.075000 61.4847785.125000 59.6244035.175000 64.9555415.225000 62.3775065.275000 56.3960735.325000 60.7302375.375000 57.2368355.425000 61.2158665.475000 63.3947355.525000 56.5173625.575000 59.5534865.625000 60.0587855.675000 54.7057805.725000 52.2976405.775000 49.7257295.825000 49.0633605.875000 48.1395775.925000 49.2346295.975000 46.7646056.025000 44.2817646.075000 42.8227316.125000 43.6961086.175000 42.9496096.225000 43.8231416.275000 42.9254536.325000 41.5333836.375000 42.2159236.425000 39.2867286.475000 40.9979546.525000 39.5122686.575000 40.0916946.625000 35.6088376.675000 34.8630506.725000 34.3465706.775000 31.7610636.825000 32.8349436.875000 30.1703836.925000 30.1013506.975000 32.2884357.025000 30.2502167.075000 28.8385047.125000 27.9022117.175000 26.4944797.225000 27.3790917.275000 28.5076077.325000 25.6577937.375000 26.2766967.425000 26.3570237.475000 24.2396137.525000 22.7099877.575000 22.2447567.625000 22.9668197.675000 18.6157727.725000 20.1357867.775000 20.0356077.825000 19.2865207.875000 18.8370817.925000 18.0933247.975000 17.3166328.025000 18.2877548.075000 15.8408468.125000 16.6831528.175000 16.4558878.225000 14.1861428.275000 14.7357448.325000 14.7429838.375000 12.4572328.425000 14.1484358.475000 11.9655658.525000 11.6066268.575000 12.0560728.625000 11.4460208.675000 9.9609538.725000 9.9934628.775000 9.8178938.825000 8.9099668.875000 10.1636638.925000 8.6914418.975000 7.9428469.025000 7.6596819.075000 6.8991249.125000 6.9384099.175000 6.9386189.225000 6.4147609.275000 5.4762469.325000 5.3078599.375000 5.2151779.425000 4.9091579.475000 4.9283959.525000 3.8768729.575000 4.5655949.625000 4.1231489.675000 3.8085999.725000 3.7022249.775000 3.0481539.825000 3.2974949.875000 2.5950289.925000 2.6012629.975000 2.91115110.025000 2.02703110.075000 1.74041210.125000 2.04928910.175000 1.87547110.225000 1.93328710.275000 1.56779410.325000 1.64222210.375000 1.49336010.425000 1.61086810.475000 1.37795410.525000 1.07754710.575000 1.33778510.625000 0.97277110.675000 1.03351110.725000 0.95471510.775000 0.78137510.825000 0.70626410.875000 0.71324210.925000 0.64005610.975000 0.54174411.025000 0.45827911.075000 0.50605411.125000 0.57867111.175000 0.44605911.225000 0.30315011.275000 0.32550711.325000 0.32263911.375000 0.35670911.425000 0.30482311.475000 0.32634611.525000 0.25162711.575000 0.13066811.625000 0.12954711.675000 0.14011611.725000 0.12734611.775000 0.06887311.825000 0.06829211.875000 0.06771811.925000 0.05595911.975000 0.12208512.025000 0.03302012.075000 0.02183112.125000 0.04330312.175000 0.03221112.225000 0.02129912.275000 0.03168812.325000 0.02095412.375000 0.01039312.425000 0.02061812.475000 0.00000012.525000 0.00000012.575000 0.00000012.625000 0.00000012.675000 0.00000012.725000 0.00000012.775000 0.00000012.825000 0.00000012.875000 0.00000012.925000 0.00000012.975000 0.00000013.025000 0.00000013.075000 0.00000013.125000 0.00000013.175000 0.00000013.225000 0.00000013.275000 0.00000013.325000 0.00000013.375000 0.00000013.425000 0.00000013.475000 0.00000013.525000 0.00000013.575000 0.00000013.625000 0.00000013.675000 0.00000013.725000 0.00000013.775000 0.00000013.825000 0.00000013.875000 0.00000013.925000 0.00000013.975000 0.00000014.025000 0.00000014.075000 0.00000014.125000 0.00000014.175000 0.00000014.225000 0.00000014.275000 0.00000014.325000 0.00000014.375000 0.00000014.425000 0.00000014.475000 0.00000014.525000 0.00000014.575000 0.00000014.625000 0.00000014.675000 0.00000014.725000 0.00000014.775000 0.00000014.825000 0.00000014.875000 0.00000014.925000 0.00000014.975000 0.00000015.025000 0.00000015.075000 0.00000015.125000 0.00000015.175000 0.00000015.225000 0.00000015.275000 0.00000015.325000 0.00000015.375000 0.00000015.425000 0.00000015.475000 0.00000015.525000 0.00000015.575000 0.00000015.625000 0.00000015.675000 0.00000015.725000 0.00000015.775000 0.00000015.825000 0.00000015.875000 0.00000015.925000 0.000000for time: 89.999000 iter:90000
0.025000 0.0000000.075000 0.0000000.125000 0.0000000.175000 0.0000000.225000 0.0000000.275000 0.0000000.325000 0.0000000.375000 0.0000000.425000 0.0000000.475000 0.0000000.525000 0.0000000.575000 0.0000000.625000 0.0000000.675000 0.0000000.725000 0.0000000.775000 0.0000000.825000 0.0000000.875000 0.0000000.925000 0.0000000.975000 0.0000001.025000 59.0678141.075000 1175.9335671.125000 1071.2311641.175000 374.5952191.225000 173.9127861.275000 91.0389121.325000 59.8247341.375000 56.3951411.425000 49.3726451.475000 57.0543961.525000 88.9579761.575000 90.4568911.625000 93.4137561.675000 93.0255211.725000 111.7783811.775000 161.1333301.825000 231.7442501.875000 265.2708131.925000 260.2596691.975000 226.0333392.025000 195.6043682.075000 181.1169082.125000 228.7319982.175000 223.0468082.225000 167.4864002.275000 119.6160482.325000 93.0346142.375000 77.8728282.425000 73.3416292.475000 82.6194072.525000 94.1075632.575000 108.7302092.625000 137.4248752.675000 139.2304572.725000 154.3147472.775000 179.1849402.825000 176.6874132.875000 163.0860812.925000 163.6969122.975000 144.3947873.025000 135.1389393.075000 122.3643013.125000 109.8425793.175000 106.2524033.225000 101.3001263.275000 103.2757433.325000 91.4118243.375000 84.1126133.425000 87.2373053.475000 89.2260553.525000 98.7527023.575000 114.3151113.625000 115.4224073.675000 120.0806223.725000 122.3842353.775000 120.6156403.825000 114.3283103.875000 108.5352103.925000 97.5229733.975000 95.8908324.025000 86.0571354.075000 86.0668274.125000 83.8059624.175000 77.6105764.225000 74.0013654.275000 72.0192264.325000 77.8509954.375000 80.3223524.425000 73.8031354.475000 85.0380544.525000 87.1332994.575000 85.0110574.625000 83.4061434.675000 79.8839244.725000 84.1190704.775000 78.5973324.825000 75.6779284.875000 71.9905594.925000 68.7646464.975000 60.2517825.025000 61.5799005.075000 64.2654965.125000 58.4731195.175000 60.4983915.225000 59.4626695.275000 61.2578045.325000 57.0258055.375000 59.3301945.425000 60.8914005.475000 61.4302425.525000 59.2806655.575000 60.6288295.625000 56.5377515.675000 57.4731905.725000 51.1807925.775000 50.9187655.825000 48.6881155.875000 47.8629125.925000 49.5066445.975000 44.8922376.025000 45.1586306.075000 42.3052366.125000 43.1446046.175000 41.6974336.225000 44.1927836.275000 41.8745486.325000 42.0903446.375000 42.3334076.425000 39.2867286.475000 41.2636816.525000 41.1196746.575000 38.4718276.625000 36.2615456.675000 36.1489826.725000 33.1500716.775000 31.4490016.825000 32.0490916.875000 30.3724176.925000 31.5616146.975000 30.1947587.025000 29.9599697.075000 30.2057097.125000 26.5227767.175000 27.5146877.225000 27.7449597.275000 27.8159677.325000 26.7849567.375000 25.5744237.425000 26.2704177.475000 24.2111297.525000 24.0309897.575000 22.3834397.625000 21.3791247.675000 19.4803657.725000 20.9892237.775000 19.5880317.825000 18.8966317.875000 19.0167267.925000 18.3467327.975000 18.2675458.025000 17.3239408.075000 16.5486818.125000 16.4420668.175000 15.7890788.225000 16.5387368.275000 14.8519568.325000 13.6177408.375000 13.2287188.425000 13.1394348.475000 13.1178058.525000 12.1103108.575000 11.1037078.625000 10.9325538.675000 11.4413498.725000 10.1189038.775000 9.7145478.825000 9.2369378.875000 9.4766568.925000 9.1509898.975000 8.2787389.025000 7.6987619.075000 7.2469809.125000 6.8619539.175000 6.8818999.225000 6.1529339.275000 6.0867749.325000 4.9784069.375000 5.1246369.425000 5.1958249.475000 4.7865709.525000 4.3505179.575000 4.2531209.625000 4.0544299.675000 4.0296349.725000 3.6180829.775000 3.4645679.825000 2.9347709.875000 2.6929549.925000 2.6820469.975000 2.41529610.025000 2.37542710.075000 1.95992410.125000 2.01823910.175000 1.81398010.225000 1.67450110.275000 1.85421810.325000 1.62729310.375000 1.70036010.425000 1.33262710.475000 1.18939210.525000 1.32179110.575000 1.30932210.625000 1.12785010.675000 0.93574710.725000 0.78867810.775000 0.93216710.825000 0.73342810.875000 0.68632710.925000 0.58671810.975000 0.51531811.025000 0.45827911.075000 0.38927211.125000 0.46293711.175000 0.53527111.225000 0.34104411.275000 0.36306511.325000 0.33504811.375000 0.34440911.425000 0.28043711.475000 0.31425911.525000 0.19171611.575000 0.16630511.625000 0.15310111.675000 0.10508711.725000 0.11576911.775000 0.05739411.825000 0.04552811.875000 0.06771811.925000 0.08953511.975000 0.11098612.025000 0.02201312.075000 0.04366212.125000 0.02165112.175000 0.05368512.225000 0.04259712.275000 0.01056312.325000 0.04190912.375000 0.01039312.425000 0.03092812.475000 0.00000012.525000 0.00000012.575000 0.00000012.625000 0.00000012.675000 0.00000012.725000 0.00000012.775000 0.00000012.825000 0.00000012.875000 0.00000012.925000 0.00000012.975000 0.00000013.025000 0.00000013.075000 0.00000013.125000 0.00000013.175000 0.00000013.225000 0.00000013.275000 0.00000013.325000 0.00000013.375000 0.00000013.425000 0.00000013.475000 0.00000013.525000 0.00000013.575000 0.00000013.625000 0.00000013.675000 0.00000013.725000 0.00000013.775000 0.00000013.825000 0.00000013.875000 0.00000013.925000 0.00000013.975000 0.00000014.025000 0.00000014.075000 0.00000014.125000 0.00000014.175000 0.00000014.225000 0.00000014.275000 0.00000014.325000 0.00000014.375000 0.00000014.425000 0.00000014.475000 0.00000014.525000 0.00000014.575000 0.00000014.625000 0.00000014.675000 0.00000014.725000 0.00000014.775000 0.00000014.825000 0.00000014.875000 0.00000014.925000 0.00000014.975000 0.00000015.025000 0.00000015.075000 0.00000015.125000 0.00000015.175000 0.00000015.225000 0.00000015.275000 0.00000015.325000 0.00000015.375000 0.00000015.425000 0.00000015.475000 0.00000015.525000 0.00000015.575000 0.00000015.625000 0.00000015.675000 0.00000015.725000 0.00000015.775000 0.00000015.825000 0.00000015.875000 0.00000015.925000 0.000000for time: 99.999000 iter:100000
0.025000 0.0000000.075000 0.0000000.125000 0.0000000.175000 0.0000000.225000 0.0000000.275000 0.0000000.325000 0.0000000.375000 0.0000000.425000 0.0000000.475000 0.0000000.525000 0.0000000.575000 0.0000000.625000 0.0000000.675000 0.0000000.725000 0.0000000.775000 0.0000000.825000 0.0000000.875000 0.0000000.925000 0.0000000.975000 0.0000001.025000 59.0678141.075000 1149.7711101.125000 1115.2371391.175000 374.5952191.225000 137.8576961.275000 102.7858681.325000 56.1989931.375000 53.0282671.425000 57.9932661.475000 64.3690621.525000 83.4836391.575000 85.9661231.625000 94.6190951.675000 88.4876901.725000 114.9873291.775000 165.1742921.825000 221.2321401.875000 273.8717441.925000 262.8364971.975000 228.4813542.025000 187.0660822.075000 190.7271932.125000 220.9783712.175000 214.2998742.225000 171.0225822.275000 125.7659732.325000 92.4457882.375000 79.0014202.425000 75.7773292.475000 81.3203602.525000 98.8503842.575000 104.6498262.625000 129.1100932.675000 144.3459532.725000 156.8866592.775000 176.7048712.825000 179.4793142.875000 163.8562642.925000 159.0464322.975000 145.8333403.025000 140.7045073.075000 117.4831943.125000 110.4944633.175000 107.5154333.225000 100.5350193.275000 102.5338193.325000 95.2986263.375000 85.6495553.425000 86.0162543.475000 90.4122213.525000 100.9301283.575000 109.0850083.625000 112.3945373.675000 125.0299713.725000 119.5167503.775000 122.5142203.825000 116.9390423.875000 111.0790043.925000 95.7667333.975000 94.4806734.025000 85.5659414.075000 88.5587404.125000 83.0576954.175000 77.6105764.225000 73.7338904.275000 72.8029914.325000 79.4675734.375000 80.0729044.425000 76.3228454.475000 85.5149034.525000 86.9001154.575000 82.3497094.625000 86.3078744.675000 80.6849484.725000 82.7646104.775000 78.5973324.825000 75.6095654.875000 70.1154574.925000 71.5860974.975000 61.0877195.025000 59.9411315.075000 61.2993965.125000 60.5333125.175000 61.9841085.225000 59.5209665.275000 61.2578045.325000 58.9902775.375000 58.1733385.425000 64.4605235.475000 61.0054875.525000 58.3943235.575000 58.8877985.625000 57.6443625.675000 55.8423955.725000 53.0745785.775000 48.3895295.825000 48.4066815.875000 50.4912235.925000 46.1064625.975000 48.6369726.025000 44.4571376.075000 42.1758626.125000 42.0840196.175000 44.2017846.225000 42.5499296.275000 42.3191626.325000 42.4881746.375000 41.4326966.425000 40.4433546.475000 40.7701886.525000 40.0729916.575000 38.2509366.625000 37.7120076.675000 34.7201696.725000 33.4667916.775000 32.3158426.825000 31.9124216.875000 30.2040556.925000 29.5703456.975000 31.7977307.025000 30.1534677.075000 28.3933677.125000 27.8708607.175000 27.5456027.225000 28.4462057.275000 26.2823307.325000 27.2892137.375000 25.6914697.425000 26.1260747.475000 24.0117437.525000 23.3845417.575000 22.6608057.625000 21.1053847.675000 19.9396807.725000 21.2025837.775000 19.1404557.825000 18.3767787.875000 18.6574367.925000 18.8282077.975000 17.8671608.025000 16.7308238.075000 16.8903948.125000 16.4902848.175000 16.1462978.225000 15.1507058.275000 15.2470798.325000 14.3066648.375000 12.5479958.425000 14.1484358.475000 12.2536258.525000 11.9132168.575000 11.3850888.625000 11.3390488.675000 10.1301418.725000 10.5370408.775000 9.8178938.825000 8.8282238.875000 9.2948018.925000 8.8313048.975000 8.6343879.025000 8.1286419.075000 6.6865469.125000 7.2251219.175000 6.3903359.225000 6.4708669.275000 5.6242539.325000 5.6739199.375000 4.9073379.425000 5.1420749.475000 4.5029229.525000 4.8767899.575000 4.0448049.625000 4.0028899.675000 3.7745949.725000 3.7863659.775000 3.1814059.825000 3.0007209.875000 2.8724849.925000 2.5689489.975000 2.99112810.025000 1.96368610.075000 1.80313010.125000 2.04928910.175000 1.84472510.225000 1.91806410.275000 1.52256910.325000 1.77658610.375000 1.61164610.425000 1.46442510.475000 1.39245910.525000 1.09191510.575000 1.38048110.625000 0.98686910.675000 0.99161210.725000 0.81635110.775000 0.78137510.825000 0.74701010.875000 0.76707110.925000 0.68005910.975000 0.56817111.025000 0.39281111.075000 0.38927211.125000 0.59153111.175000 0.38233611.225000 0.46735711.275000 0.32550711.325000 0.33504811.375000 0.36901011.425000 0.21947211.475000 0.27799811.525000 0.25162711.575000 0.20194211.625000 0.10599311.675000 0.16346811.725000 0.06946211.775000 0.04591511.825000 0.05691011.875000 0.02257311.925000 0.15668611.975000 0.05549312.025000 0.05503312.075000 0.03274712.125000 0.02165112.175000 0.05368512.225000 0.03194812.275000 0.04225112.325000 0.02095412.375000 0.02078512.425000 0.02061812.475000 0.00000012.525000 0.00000012.575000 0.00000012.625000 0.00000012.675000 0.00000012.725000 0.00000012.775000 0.00000012.825000 0.00000012.875000 0.00000012.925000 0.00000012.975000 0.00000013.025000 0.00000013.075000 0.00000013.125000 0.00000013.175000 0.00000013.225000 0.00000013.275000 0.00000013.325000 0.00000013.375000 0.00000013.425000 0.00000013.475000 0.00000013.525000 0.00000013.575000 0.00000013.625000 0.00000013.675000 0.00000013.725000 0.00000013.775000 0.00000013.825000 0.00000013.875000 0.00000013.925000 0.00000013.975000 0.00000014.025000 0.00000014.075000 0.00000014.125000 0.00000014.175000 0.00000014.225000 0.00000014.275000 0.00000014.325000 0.00000014.375000 0.00000014.425000 0.00000014.475000 0.00000014.525000 0.00000014.575000 0.00000014.625000 0.00000014.675000 0.00000014.725000 0.00000014.775000 0.00000014.825000 0.00000014.875000 0.00000014.925000 0.00000014.975000 0.00000015.025000 0.00000015.075000 0.00000015.125000 0.00000015.175000 0.00000015.225000 0.00000015.275000 0.00000015.325000 0.00000015.375000 0.00000015.425000 0.00000015.475000 0.00000015.525000 0.00000015.575000 0.00000015.625000 0.00000015.675000 0.00000015.725000 0.00000015.775000 0.00000015.825000 0.00000015.875000 0.00000015.925000 0.000000
